MDM 6Li+12C @3.0 deg el scattering for test for RAYKIN1
    1  206    1    2    3    0    0
  71.09    2.0       0.       6.000      3.       
DRIF
 57.0
COLL
0.0        0.0       0.0      3.         3.
DRIF
 18.075
POLE input multipole (use Bronson calibration of Bhall)
 1.        3.        1.
 1.925     113.2     26.      6.5
-0.32269   0.02401   0.0176    -0.01416  -0.0119   Bq=      6015.3*1.034
 20.       -10.       -10.      20.
 .1122      6.2671   -1.4982  3.5882     -2.1209  1.723                          
 .1122      6.2671   -1.4982  3.5882     -2.1209  1.723
 1.        1.        1.        1.        1.       1.        1.        1.
DIPO   (Bd=1.034*Bnmr  Bnmr=Bhall)
 1.        6.        1.        1.        3.       60.       0.
 26.       32.55     11.5      160.      0.6220
 100.      0.        0.
 0.191    -0.04     0.        0.
 46.       -33.      -23.      50.
 .048      3.70      .0125     -.299     .016     .020       Jeffs frng 800amp
 .048      3.70      .0125     -.299     .016     .020       Jeffs frng 800amp
 0.        0.        0.        0.        0.       0.
 0.        0.
 1.242     -3.11     4.142     -1.06     0.       0.        0.        Drawing ent
 -1.579    1.719     -13.43   -24.58    779.35    821.26    -21410.   Drawing Exit
MULT (L=35 cm 9/7/93)
 1.        2.        0.
 0.2        1.5      35.0      60.       9.6      1.0   
 -32.5     32.5
 0.        0.         0.0      0.0       0.       0.
 0.        1.        1.
COLL
 0.       -0.08      0.        29.61    20.21
DRIF 
 88.4
SENT  

