Energy (MeV/u)1	0 - [He-base] F.Hubert et al, AD&ND Tables 46(1990)1	Energy (MeV/u)2	1 - [H -base] J.F.Ziegler et al, Pergamon Press, NY (low energy)	Energy (MeV/u)3	2 - ATIMA 1.2  LS-theory (recommended for high energy)	Energy (MeV/u)4	3 - ATIMA 1.2  without LS-correction	Energy (MeV/u)5	4 - electrical component of [1] - J.F.Ziegler et al	Energy (MeV/u)6	5 - nuclear component of [1] - J.F.Ziegler et al	
0.001000	5.06014e-05	0.001000	8.44152e-05	0.001000	0.000113211	0.001000	0.000113211	0.001000	5.12879e-05	0.001000	3.31272e-05	
0.002000	6.6053e-05	0.002000	0.000104204	0.002000	0.000142039	0.002000	0.000142039	0.002000	8.28107e-05	0.002000	2.13933e-05	
0.005000	0.000103406	0.005000	0.000159138	0.005000	0.000207883	0.005000	0.000207883	0.005000	0.000148017	0.005000	1.11207e-05	
0.008000	0.000131154	0.008000	0.000201237	0.008000	0.000253132	0.008000	0.000253132	0.008000	0.000193429	0.008000	7.80767e-06	
0.010000	0.000146354	0.010000	0.000224471	0.010000	0.000276832	0.010000	0.000276832	0.010000	0.000217899	0.010000	6.57173e-06	
0.015000	0.000186872	0.015000	0.000290949	0.015000	0.000323358	0.015000	0.000323358	0.015000	0.000286174	0.015000	4.77557e-06	
0.020000	0.000220744	0.020000	0.000347255	0.020000	0.000359419	0.020000	0.000359419	0.020000	0.000343463	0.020000	3.79156e-06	
0.025000	0.000249615	0.025000	0.000396438	0.025000	0.000389681	0.025000	0.000389681	0.025000	0.000393275	0.025000	3.16348e-06	
0.030000	0.000274361	0.030000	0.000440218	0.030000	0.000427674	0.030000	0.000427674	0.030000	0.000437493	0.030000	2.72491e-06	
0.035000	0.000295509	0.035000	0.000479638	0.035000	0.000461243	0.035000	0.000461243	0.035000	0.000477238	0.035000	2.3999e-06	
0.040000	0.000313423	0.040000	0.000515372	0.040000	0.000491156	0.040000	0.000491156	0.040000	0.000513223	0.040000	2.14862e-06	
0.045000	0.000328395	0.045000	0.000547877	0.045000	0.000517941	0.045000	0.000517941	0.045000	0.000545929	0.045000	1.94808e-06	
0.050000	0.000340685	0.050000	0.000577481	0.050000	0.000541982	0.050000	0.000541982	0.050000	0.000575697	0.050000	1.78402e-06	
0.055000	0.000350547	0.055000	0.000604428	0.055000	0.000563569	0.055000	0.000563569	0.055000	0.000602781	0.055000	1.64712e-06	
0.060000	0.000358231	0.060000	0.00062891	0.060000	0.00058293	0.060000	0.00058293	0.060000	0.000627379	0.060000	1.53102e-06	
0.070000	0.00036806	0.070000	0.000671097	0.070000	0.000615704	0.070000	0.000615704	0.070000	0.000669753	0.070000	1.34443e-06	
0.080000	0.000372081	0.080000	0.000705101	0.080000	0.00064152	0.080000	0.00064152	0.080000	0.0007039	0.080000	1.20073e-06	
0.090000	0.000371986	0.090000	0.000731822	0.090000	0.000661351	0.090000	0.000661351	0.090000	0.000730735	0.090000	1.08642e-06	
0.100000	0.00036916	0.100000	0.000752087	0.100000	0.000676024	0.100000	0.000676024	0.100000	0.000751094	0.100000	9.93147e-07	
0.120000	0.000359236	0.120000	0.000776329	0.120000	0.000692725	0.120000	0.000692725	0.120000	0.000775479	0.120000	8.49791e-07	
0.140000	0.000347515	0.140000	0.000783516	0.140000	0.000696533	0.140000	0.000696533	0.140000	0.000782772	0.140000	7.44459e-07	
0.160000	0.000336213	0.160000	0.000778467	0.160000	0.000691293	0.160000	0.000691293	0.160000	0.000777803	0.160000	6.63579e-07	
0.180000	0.000326027	0.180000	0.000765039	0.180000	0.000679938	0.180000	0.000679938	0.180000	0.00076444	0.180000	5.99395e-07	
0.200000	0.000317009	0.200000	0.00074618	0.200000	0.000664639	0.200000	0.000664639	0.200000	0.000745633	0.200000	5.47143e-07	
0.250000	0.000298394	0.250000	0.000687996	0.250000	0.00061834	0.250000	0.00061834	0.250000	0.000687545	0.250000	4.50738e-07	
0.300000	0.000283192	0.300000	0.000627452	0.300000	0.000570161	0.300000	0.000570161	0.300000	0.000627067	0.300000	3.84482e-07	
0.350000	0.00026979	0.350000	0.000571862	0.350000	0.000525407	0.350000	0.000525407	0.350000	0.000571526	0.350000	3.35983e-07	
0.400000	0.000257514	0.400000	0.000523181	0.400000	0.000485588	0.400000	0.000485588	0.400000	0.000522882	0.400000	2.98856e-07	
0.450000	0.000246114	0.450000	0.000481291	0.450000	0.000450728	0.450000	0.000450728	0.450000	0.000481022	0.450000	2.69469e-07	
0.500000	0.000235493	0.500000	0.000445394	0.500000	0.000420334	0.500000	0.000420334	0.500000	0.000445148	0.500000	2.45597e-07	
0.600000	0.000216408	0.600000	0.000387933	0.600000	0.000370516	0.600000	0.000370516	0.600000	0.000387723	0.600000	2.09098e-07	
0.700000	0.00019993	0.700000	0.000344502	0.700000	0.000331785	0.700000	0.000331785	0.700000	0.00034432	0.700000	1.8244e-07	
0.800000	0.000185704	0.800000	0.000310716	0.800000	0.000300959	0.800000	0.000300959	0.800000	0.000310554	0.800000	1.6207e-07	
0.900000	0.000173372	0.900000	0.000283702	0.900000	0.000275866	0.900000	0.000275866	0.900000	0.000283556	0.900000	1.45972e-07	
1.000000	0.000162616	1.000000	0.000261577	1.000000	0.000255029	1.000000	0.000255029	1.000000	0.000261444	1.000000	1.32912e-07	
1.250000	0.00014097	1.250000	0.000220321	1.250000	0.00021555	1.250000	0.00021555	1.250000	0.000220212	1.250000	1.08934e-07	
1.500000	0.000124626	1.500000	0.000191431	1.500000	0.000187506	1.500000	0.000187506	1.500000	0.000191339	1.500000	9.25522e-08	
1.750000	0.000111825	1.750000	0.000169841	1.750000	0.000166396	1.750000	0.000166396	1.750000	0.00016976	1.750000	8.06157e-08	
2.000000	0.000101509	2.000000	0.000152972	2.000000	0.000149843	2.000000	0.000149843	2.000000	0.000152901	2.000000	7.1513e-08	
2.250000	9.30056e-05	2.250000	0.000139366	2.250000	0.00013647	2.250000	0.00013647	2.250000	0.000139302	2.250000	6.43309e-08	
2.500000	8.44326e-05	2.500000	0.000128126	2.500000	0.000125417	2.500000	0.000125417	2.500000	0.000128068	2.500000	5.85127e-08	
3.000000	7.36968e-05	3.000000	0.000110587	3.000000	0.00010817	3.000000	0.00010817	3.000000	0.000110537	3.000000	4.96474e-08	
3.500000	6.55588e-05	3.500000	9.74885e-05	3.500000	9.53013e-05	3.500000	9.53013e-05	3.500000	9.74453e-05	3.500000	4.31975e-08	
4.000000	5.91584e-05	4.000000	8.73119e-05	4.000000	8.53147e-05	4.000000	8.53147e-05	4.000000	8.72736e-05	4.000000	3.82849e-08	
4.500000	5.39817e-05	4.500000	7.91656e-05	4.500000	7.73295e-05	4.500000	7.73295e-05	4.500000	7.91312e-05	4.500000	3.4413e-08	
5.000000	4.97011e-05	5.000000	7.24896e-05	5.000000	7.07923e-05	5.000000	7.07923e-05	5.000000	7.24583e-05	5.000000	3.12791e-08	
5.500000	4.60979e-05	5.500000	6.69134e-05	5.500000	6.53371e-05	5.500000	6.53371e-05	5.500000	6.68847e-05	5.500000	2.86884e-08	
6.000000	4.30198e-05	6.000000	6.21818e-05	6.000000	6.07119e-05	6.000000	6.07119e-05	6.000000	6.21553e-05	6.000000	2.65093e-08	
6.500000	4.03575e-05	6.500000	5.81132e-05	6.500000	5.67378e-05	6.500000	5.67378e-05	6.500000	5.80886e-05	6.500000	2.46498e-08	
7.000000	3.80305e-05	7.000000	5.45751e-05	7.000000	5.32838e-05	7.000000	5.32838e-05	7.000000	5.4552e-05	7.000000	2.30436e-08	
7.500000	3.59779e-05	7.500000	5.14679e-05	7.500000	5.02523e-05	7.500000	5.02523e-05	7.500000	5.14463e-05	7.500000	2.16416e-08	
8.000000	3.41529e-05	8.000000	4.8716e-05	8.000000	4.75686e-05	8.000000	4.75686e-05	8.000000	4.86956e-05	8.000000	2.04067e-08	
8.500000	3.25188e-05	8.500000	4.62605e-05	8.500000	4.51749e-05	8.500000	4.51749e-05	8.500000	4.62412e-05	8.500000	1.93104e-08	
9.000000	3.10467e-05	9.000000	4.40549e-05	9.000000	4.30255e-05	9.000000	4.30255e-05	9.000000	4.40365e-05	9.000000	1.83302e-08	
9.500000	2.97131e-05	9.500000	4.2062e-05	9.500000	4.10842e-05	9.500000	4.10842e-05	9.500000	4.20446e-05	9.500000	1.74485e-08	
10.000000	2.84989e-05	10.000000	3.54075e-05	10.000000	3.93213e-05	10.000000	3.93213e-05	10.000000	3.53909e-05	10.000000	1.6651e-08	
11.000000	2.6369e-05	11.000000	3.29804e-05	11.000000	3.61901e-05	11.000000	3.61918e-05	11.000000	3.29651e-05	11.000000	1.52637e-08	
12.000000	2.45601e-05	12.000000	3.08834e-05	12.000000	3.35449e-05	12.000000	3.35477e-05	12.000000	3.08693e-05	12.000000	1.40975e-08	
13.000000	2.30036e-05	13.000000	2.90533e-05	13.000000	3.12799e-05	13.000000	3.1283e-05	13.000000	2.90402e-05	13.000000	1.31029e-08	
14.000000	2.16493e-05	14.000000	2.74421e-05	14.000000	2.9318e-05	14.000000	2.93209e-05	14.000000	2.74298e-05	14.000000	1.22442e-08	
15.000000	2.04594e-05	15.000000	2.60124e-05	15.000000	2.76012e-05	15.000000	2.76042e-05	15.000000	2.60009e-05	15.000000	1.1495e-08	
16.000000	1.94052e-05	16.000000	2.47349e-05	16.000000	2.60864e-05	16.000000	2.60893e-05	16.000000	2.47241e-05	16.000000	1.08355e-08	
17.000000	1.84644e-05	17.000000	2.35864e-05	17.000000	2.47401e-05	17.000000	2.47425e-05	17.000000	2.35762e-05	17.000000	1.02501e-08	
18.000000	1.76192e-05	18.000000	2.2548e-05	18.000000	2.35356e-05	18.000000	2.35375e-05	18.000000	2.25383e-05	18.000000	9.727e-09	
19.000000	1.68556e-05	19.000000	2.16045e-05	19.000000	2.24517e-05	19.000000	2.24531e-05	19.000000	2.15953e-05	19.000000	9.25657e-09	
20.000000	1.61621e-05	20.000000	2.07433e-05	20.000000	2.14707e-05	20.000000	2.14721e-05	20.000000	2.07344e-05	20.000000	8.83117e-09	
21.000000	1.55292e-05	21.000000	1.99539e-05	21.000000	2.05792e-05	21.000000	2.05807e-05	21.000000	1.99454e-05	21.000000	8.44454e-09	
22.000000	1.49492e-05	22.000000	1.92276e-05	22.000000	1.97661e-05	22.000000	1.97673e-05	22.000000	1.92195e-05	22.000000	8.09155e-09	
23.000000	1.44156e-05	23.000000	1.8557e-05	23.000000	1.90219e-05	23.000000	1.90223e-05	23.000000	1.85492e-05	23.000000	7.76794e-09	
24.000000	1.3923e-05	24.000000	1.79359e-05	24.000000	1.8338e-05	24.000000	1.83376e-05	24.000000	1.79284e-05	24.000000	7.47015e-09	
25.000000	1.34667e-05	25.000000	1.73589e-05	25.000000	1.77075e-05	25.000000	1.77063e-05	25.000000	1.73517e-05	25.000000	7.19517e-09	
27.000000	1.26479e-05	27.000000	1.63195e-05	27.000000	1.65848e-05	27.000000	1.65819e-05	27.000000	1.63128e-05	27.000000	6.70379e-09	
29.000000	1.19336e-05	29.000000	1.54089e-05	29.000000	1.5615e-05	29.000000	1.56114e-05	29.000000	1.54026e-05	29.000000	6.27741e-09	
31.000000	1.13048e-05	31.000000	1.46043e-05	31.000000	1.47691e-05	31.000000	1.47653e-05	31.000000	1.45984e-05	31.000000	5.90381e-09	
33.000000	1.07466e-05	33.000000	1.38878e-05	33.000000	1.40211e-05	33.000000	1.4016e-05	33.000000	1.38823e-05	33.000000	5.57364e-09	
35.000000	1.02477e-05	35.000000	1.32457e-05	35.000000	1.33518e-05	35.000000	1.3347e-05	35.000000	1.32404e-05	35.000000	5.27968e-09	
38.000000	9.59084e-06	38.000000	1.23981e-05	38.000000	1.24732e-05	38.000000	1.24676e-05	38.000000	1.23932e-05	38.000000	4.89444e-09	
41.000000	9.02346e-06	41.000000	1.16641e-05	41.000000	1.17149e-05	41.000000	1.17092e-05	41.000000	1.16595e-05	41.000000	4.56335e-09	
44.000000	8.52813e-06	44.000000	1.10219e-05	44.000000	1.10532e-05	44.000000	1.10481e-05	44.000000	1.10176e-05	44.000000	4.27563e-09	
47.000000	8.09169e-06	47.000000	1.04552e-05	47.000000	1.04723e-05	47.000000	1.04665e-05	47.000000	1.04511e-05	47.000000	4.0232e-09	
50.000000	7.70404e-06	50.000000	9.95119e-06	50.000000	9.95653e-06	50.000000	9.95074e-06	50.000000	9.94739e-06	50.000000	3.79986e-09	
55.000000	7.14567e-06	55.000000	9.22443e-06	55.000000	9.21553e-06	55.000000	9.20922e-06	55.000000	9.22095e-06	55.000000	3.47971e-09	
60.000000	6.67422e-06	60.000000	8.61027e-06	60.000000	8.59046e-06	60.000000	8.58465e-06	60.000000	8.60706e-06	60.000000	3.21089e-09	
65.000000	6.27051e-06	65.000000	8.08415e-06	65.000000	8.05705e-06	65.000000	8.05109e-06	65.000000	8.08117e-06	65.000000	2.98187e-09	
70.000000	5.92064e-06	70.000000	7.62822e-06	70.000000	7.59584e-06	70.000000	7.5898e-06	70.000000	7.62543e-06	70.000000	2.78432e-09	
75.000000	5.61431e-06	75.000000	7.22916e-06	75.000000	7.19244e-06	75.000000	7.18688e-06	75.000000	7.22655e-06	75.000000	2.61212e-09	
80.000000	5.34371e-06	80.000000	6.87685e-06	80.000000	6.83785e-06	80.000000	6.8318e-06	80.000000	6.87438e-06	80.000000	2.46064e-09	
85.000000	5.1028e-06	85.000000	6.56344e-06	85.000000	6.52219e-06	85.000000	6.51645e-06	85.000000	6.56111e-06	85.000000	2.3263e-09	
90.000000	4.88685e-06	90.000000	6.28277e-06	90.000000	6.23994e-06	90.000000	6.23445e-06	90.000000	6.28057e-06	90.000000	2.20633e-09	
95.000000	4.69208e-06	95.000000	6.02992e-06	95.000000	5.98661e-06	95.000000	5.98074e-06	95.000000	6.02782e-06	95.000000	2.09851e-09	
100.000000	4.51546e-06	100.000000	5.8009e-06	100.000000	5.75685e-06	100.000000	5.75122e-06	100.000000	5.7989e-06	100.000000	2.00107e-09	
105.000000	4.35451e-06	105.000000	5.59246e-06	105.000000	5.54797e-06	105.000000	5.54258e-06	105.000000	5.59055e-06	105.000000	1.91256e-09	
110.000000	4.20717e-06	110.000000	5.40194e-06	110.000000	5.35719e-06	110.000000	5.35206e-06	110.000000	5.40011e-06	110.000000	1.8318e-09	
115.000000	4.07176e-06	115.000000	5.22709e-06	115.000000	5.18271e-06	115.000000	5.1774e-06	115.000000	5.22533e-06	115.000000	1.75779e-09	
120.000000	3.94684e-06	120.000000	5.06604e-06	120.000000	5.02209e-06	120.000000	5.01667e-06	120.000000	5.06435e-06	120.000000	1.68973e-09	
125.000000	3.83121e-06	125.000000	4.9172e-06	125.000000	4.87342e-06	125.000000	4.86828e-06	125.000000	4.91558e-06	125.000000	1.6269e-09	
130.000000	3.72385e-06	130.000000	4.77924e-06	130.000000	4.73583e-06	130.000000	4.73084e-06	130.000000	4.77767e-06	130.000000	1.56873e-09	
135.000000	3.62388e-06	135.000000	4.65098e-06	135.000000	4.60839e-06	135.000000	4.60318e-06	135.000000	4.64947e-06	135.000000	1.51471e-09	
140.000000	3.53054e-06	140.000000	4.53144e-06	140.000000	4.48952e-06	140.000000	4.48429e-06	140.000000	4.52998e-06	140.000000	1.4644e-09	
145.000000	3.44318e-06	145.000000	4.41976e-06	145.000000	4.37833e-06	145.000000	4.37329e-06	145.000000	4.41834e-06	145.000000	1.41744e-09	
150.000000	3.36122e-06	150.000000	4.31517e-06	150.000000	4.27434e-06	150.000000	4.26943e-06	150.000000	4.31379e-06	150.000000	1.37349e-09	
155.000000	3.24582e-06	155.000000	4.21701e-06	155.000000	4.17677e-06	155.000000	4.17203e-06	155.000000	4.21568e-06	155.000000	1.33227e-09	
160.000000	3.17818e-06	160.000000	4.12472e-06	160.000000	4.08522e-06	160.000000	4.08052e-06	160.000000	4.12343e-06	160.000000	1.29353e-09	
165.000000	3.1144e-06	165.000000	4.03777e-06	165.000000	3.99924e-06	165.000000	3.99436e-06	165.000000	4.03652e-06	165.000000	1.25705e-09	
170.000000	3.05415e-06	170.000000	3.95572e-06	170.000000	3.91801e-06	170.000000	3.91312e-06	170.000000	3.9545e-06	170.000000	1.22264e-09	
175.000000	2.99713e-06	175.000000	3.87817e-06	175.000000	3.84112e-06	175.000000	3.83637e-06	175.000000	3.87698e-06	175.000000	1.19013e-09	
180.000000	2.94311e-06	180.000000	3.80474e-06	180.000000	3.76841e-06	180.000000	3.76376e-06	180.000000	3.80358e-06	180.000000	1.15935e-09	
185.000000	2.89183e-06	185.000000	3.73512e-06	185.000000	3.6995e-06	185.000000	3.69497e-06	185.000000	3.73399e-06	185.000000	1.13018e-09	
190.000000	2.84309e-06	190.000000	3.66903e-06	190.000000	3.63411e-06	190.000000	3.62969e-06	190.000000	3.66792e-06	190.000000	1.10249e-09	
195.000000	2.79672e-06	195.000000	3.60619e-06	195.000000	3.57212e-06	195.000000	3.56767e-06	195.000000	3.60512e-06	195.000000	1.07616e-09	
200.000000	2.75253e-06	200.000000	3.54638e-06	200.000000	3.51326e-06	200.000000	3.50868e-06	200.000000	3.54533e-06	200.000000	1.0511e-09	
210.000000	2.67012e-06	210.000000	3.435e-06	210.000000	3.40342e-06	210.000000	3.39892e-06	210.000000	3.434e-06	210.000000	1.00444e-09	
220.000000	2.5948e-06	220.000000	3.33341e-06	220.000000	3.30327e-06	220.000000	3.29893e-06	220.000000	3.33245e-06	220.000000	9.6187e-10	
230.000000	2.52568e-06	230.000000	3.24037e-06	230.000000	3.21163e-06	230.000000	3.20747e-06	230.000000	3.23945e-06	230.000000	9.2287e-10	
240.000000	2.46203e-06	240.000000	3.15486e-06	240.000000	3.12778e-06	240.000000	3.1235e-06	240.000000	3.15397e-06	240.000000	8.87004e-10	
250.000000	2.40322e-06	250.000000	3.076e-06	250.000000	3.05044e-06	250.000000	3.04616e-06	250.000000	3.07515e-06	250.000000	8.53907e-10	
260.000000	2.34872e-06	260.000000	3.00305e-06	260.000000	2.97883e-06	260.000000	2.97469e-06	260.000000	3.00223e-06	260.000000	8.23265e-10	
270.000000	2.29806e-06	270.000000	2.93538e-06	270.000000	2.9125e-06	270.000000	2.90846e-06	270.000000	2.93459e-06	270.000000	7.94813e-10	
280.000000	2.25086e-06	280.000000	2.87244e-06	280.000000	2.85087e-06	280.000000	2.84693e-06	280.000000	2.87167e-06	280.000000	7.68322e-10	
290.000000	2.20677e-06	290.000000	2.81376e-06	290.000000	2.79368e-06	290.000000	2.78963e-06	290.000000	2.81302e-06	290.000000	7.43594e-10	
300.000000	2.16549e-06	300.000000	2.75892e-06	300.000000	2.7402e-06	300.000000	2.73614e-06	300.000000	2.7582e-06	300.000000	7.20457e-10	
310.000000	2.12677e-06	310.000000	2.70758e-06	310.000000	2.69005e-06	310.000000	2.6861e-06	310.000000	2.70688e-06	310.000000	6.98759e-10	
320.000000	2.09038e-06	320.000000	2.6594e-06	320.000000	2.64308e-06	320.000000	2.6392e-06	320.000000	2.65872e-06	320.000000	6.78371e-10	
330.000000	2.05612e-06	330.000000	2.61411e-06	330.000000	2.59893e-06	330.000000	2.59516e-06	330.000000	2.61345e-06	330.000000	6.59175e-10	
340.000000	2.0238e-06	340.000000	2.57147e-06	340.000000	2.55747e-06	340.000000	2.55373e-06	340.000000	2.57083e-06	340.000000	6.41068e-10	
350.000000	1.99327e-06	350.000000	2.53126e-06	350.000000	2.51853e-06	350.000000	2.51469e-06	350.000000	2.53063e-06	350.000000	6.23961e-10	
360.000000	1.96439e-06	360.000000	2.49327e-06	360.000000	2.48172e-06	360.000000	2.47786e-06	360.000000	2.49267e-06	360.000000	6.0777e-10	
370.000000	1.93702e-06	370.000000	2.45734e-06	370.000000	2.44683e-06	370.000000	2.44305e-06	370.000000	2.45675e-06	370.000000	5.92424e-10	
380.000000	1.91106e-06	380.000000	2.42331e-06	380.000000	2.41382e-06	380.000000	2.41011e-06	380.000000	2.42273e-06	380.000000	5.77858e-10	
390.000000	1.8864e-06	390.000000	2.39104e-06	390.000000	2.38255e-06	390.000000	2.37889e-06	390.000000	2.39047e-06	390.000000	5.64013e-10	
400.000000	1.86295e-06	400.000000	2.36039e-06	400.000000	2.35287e-06	400.000000	2.34928e-06	400.000000	2.35984e-06	400.000000	5.50836e-10	
410.000000	1.84063e-06	410.000000	2.33126e-06	410.000000	2.3247e-06	410.000000	2.32115e-06	410.000000	2.33072e-06	410.000000	5.3828e-10	
420.000000	1.81935e-06	420.000000	2.30353e-06	420.000000	2.29801e-06	420.000000	2.2944e-06	420.000000	2.30301e-06	420.000000	5.26301e-10	
430.000000	1.79906e-06	430.000000	2.27712e-06	430.000000	2.27261e-06	430.000000	2.26894e-06	430.000000	2.27661e-06	430.000000	5.1486e-10	
440.000000	1.77967e-06	440.000000	2.25194e-06	440.000000	2.24834e-06	440.000000	2.24469e-06	440.000000	2.25144e-06	440.000000	5.03921e-10	
450.000000	1.76115e-06	450.000000	2.2279e-06	450.000000	2.22515e-06	450.000000	2.22155e-06	450.000000	2.22741e-06	450.000000	4.93451e-10	
460.000000	1.74343e-06	460.000000	2.20494e-06	460.000000	2.20301e-06	460.000000	2.19946e-06	460.000000	2.20446e-06	460.000000	4.83421e-10	
470.000000	1.72646e-06	470.000000	2.18299e-06	470.000000	2.18187e-06	470.000000	2.17836e-06	470.000000	2.18251e-06	470.000000	4.73804e-10	
480.000000	1.71021e-06	480.000000	2.16198e-06	480.000000	2.16165e-06	480.000000	2.15819e-06	480.000000	2.16152e-06	480.000000	4.64573e-10	
490.000000	1.69462e-06	490.000000	2.14187e-06	490.000000	2.14229e-06	490.000000	2.13887e-06	490.000000	2.14141e-06	490.000000	4.55706e-10	
500.000000	1.67966e-06	500.000000	2.12259e-06	500.000000	2.12377e-06	500.000000	2.12038e-06	500.000000	2.12214e-06	500.000000	4.47181e-10	
520.000000	1.65151e-06	520.000000	2.08637e-06	520.000000	2.08913e-06	520.000000	2.08566e-06	520.000000	2.08593e-06	520.000000	4.31082e-10	
540.000000	1.62549e-06	540.000000	2.05297e-06	540.000000	2.05715e-06	540.000000	2.05367e-06	540.000000	2.05255e-06	540.000000	4.16136e-10	
560.000000	1.60138e-06	560.000000	2.0221e-06	560.000000	2.02754e-06	560.000000	2.02414e-06	560.000000	2.0217e-06	560.000000	4.02222e-10	
580.000000	1.579e-06	580.000000	1.99351e-06	580.000000	2.00015e-06	580.000000	1.99681e-06	580.000000	1.99312e-06	580.000000	3.89235e-10	
600.000000	1.55819e-06	600.000000	1.96698e-06	600.000000	1.97473e-06	600.000000	1.97146e-06	600.000000	1.9666e-06	600.000000	3.77085e-10	
620.000000	1.5388e-06	620.000000	1.94231e-06	620.000000	1.95113e-06	620.000000	1.94789e-06	620.000000	1.94194e-06	620.000000	3.65692e-10	
640.000000	1.5207e-06	640.000000	1.91933e-06	640.000000	1.92925e-06	640.000000	1.92595e-06	640.000000	1.91897e-06	640.000000	3.54988e-10	
660.000000	1.50378e-06	660.000000	1.89789e-06	660.000000	1.90882e-06	660.000000	1.90549e-06	660.000000	1.89754e-06	660.000000	3.44911e-10	
680.000000	1.48795e-06	680.000000	1.87786e-06	680.000000	1.88967e-06	680.000000	1.88637e-06	680.000000	1.87753e-06	680.000000	3.35407e-10	
700.000000	1.47312e-06	700.000000	1.85913e-06	700.000000	1.87172e-06	700.000000	1.86848e-06	700.000000	1.8588e-06	700.000000	3.26429e-10	
720.000000	1.4592e-06	720.000000	1.84158e-06	720.000000	1.85492e-06	720.000000	1.85172e-06	720.000000	1.84126e-06	720.000000	3.17932e-10	
740.000000	1.44612e-06	740.000000	1.82512e-06	740.000000	1.83916e-06	740.000000	1.83599e-06	740.000000	1.82482e-06	740.000000	3.0988e-10	
760.000000	1.43383e-06	760.000000	1.80968e-06	760.000000	1.82434e-06	760.000000	1.82121e-06	760.000000	1.80938e-06	760.000000	3.02237e-10	
780.000000	1.42227e-06	780.000000	1.79517e-06	780.000000	1.81041e-06	780.000000	1.80731e-06	780.000000	1.79487e-06	780.000000	2.94973e-10	
800.000000	1.41138e-06	800.000000	1.78152e-06	800.000000	1.79735e-06	800.000000	1.79423e-06	800.000000	1.78124e-06	800.000000	2.8806e-10	
820.000000	1.40112e-06	820.000000	1.76868e-06	820.000000	1.78506e-06	820.000000	1.78189e-06	820.000000	1.7684e-06	820.000000	2.81474e-10	
840.000000	1.39145e-06	840.000000	1.75659e-06	840.000000	1.77344e-06	840.000000	1.77025e-06	840.000000	1.75631e-06	840.000000	2.75191e-10	
860.000000	1.38232e-06	860.000000	1.74519e-06	860.000000	1.76244e-06	860.000000	1.75927e-06	860.000000	1.74492e-06	860.000000	2.6919e-10	
880.000000	1.37371e-06	880.000000	1.73444e-06	880.000000	1.75202e-06	880.000000	1.74888e-06	880.000000	1.73418e-06	880.000000	2.63454e-10	
900.000000	1.36558e-06	900.000000	1.72431e-06	900.000000	1.74216e-06	900.000000	1.73905e-06	900.000000	1.72405e-06	900.000000	2.57963e-10	
920.000000	1.35789e-06	920.000000	1.71474e-06	920.000000	1.73283e-06	920.000000	1.72975e-06	920.000000	1.71448e-06	920.000000	2.52704e-10	
940.000000	1.35063e-06	940.000000	1.7057e-06	940.000000	1.724e-06	940.000000	1.72094e-06	940.000000	1.70545e-06	940.000000	2.47661e-10	
960.000000	1.34377e-06	960.000000	1.69717e-06	960.000000	1.71563e-06	960.000000	1.71259e-06	960.000000	1.69692e-06	960.000000	2.42822e-10	
980.000000	1.33728e-06	980.000000	1.6891e-06	980.000000	1.70769e-06	980.000000	1.70466e-06	980.000000	1.68886e-06	980.000000	2.38173e-10	
1000.000000	1.33115e-06	1000.000000	1.68148e-06	1000.000000	1.70015e-06	1000.000000	1.69714e-06	1000.000000	1.68125e-06	1000.000000	2.33704e-10	
1020.000000	1.32535e-06	1020.000000	1.67428e-06	1020.000000	1.69299e-06	1020.000000	1.69e-06	1020.000000	1.67405e-06	1020.000000	2.29405e-10	
1040.000000	1.31987e-06	1040.000000	1.66747e-06	1040.000000	1.68617e-06	1040.000000	1.68321e-06	1040.000000	1.66725e-06	1040.000000	2.25266e-10	
1060.000000	1.31469e-06	1060.000000	1.66104e-06	1060.000000	1.67969e-06	1060.000000	1.67676e-06	1060.000000	1.66081e-06	1060.000000	2.21278e-10	
1080.000000	1.30979e-06	1080.000000	1.65495e-06	1080.000000	1.67354e-06	1080.000000	1.67062e-06	1080.000000	1.65474e-06	1080.000000	2.17433e-10	
1100.000000	1.30516e-06	1100.000000	1.6492e-06	1100.000000	1.66769e-06	1100.000000	1.66478e-06	1100.000000	1.64899e-06	1100.000000	2.13723e-10	
1120.000000	1.30079e-06	1120.000000	1.64377e-06	1120.000000	1.66213e-06	1120.000000	1.65922e-06	1120.000000	1.64356e-06	1120.000000	2.10141e-10	
1140.000000	1.29666e-06	1140.000000	1.63864e-06	1140.000000	1.65686e-06	1140.000000	1.65393e-06	1140.000000	1.63843e-06	1140.000000	2.06681e-10	
1160.000000	1.29277e-06	1160.000000	1.63379e-06	1160.000000	1.65183e-06	1160.000000	1.64888e-06	1160.000000	1.63358e-06	1160.000000	2.03336e-10	
1180.000000	1.28909e-06	1180.000000	1.62921e-06	1180.000000	1.64705e-06	1180.000000	1.64408e-06	1180.000000	1.62901e-06	1180.000000	2.00101e-10	
1200.000000	1.28563e-06	1200.000000	1.62488e-06	1200.000000	1.64248e-06	1200.000000	1.6395e-06	1200.000000	1.62469e-06	1200.000000	1.96971e-10	
1220.000000	1.28236e-06	1220.000000	1.62081e-06	1220.000000	1.63811e-06	1220.000000	1.63513e-06	1220.000000	1.62061e-06	1220.000000	1.93939e-10	
1240.000000	1.27929e-06	1240.000000	1.61696e-06	1240.000000	1.63394e-06	1240.000000	1.63096e-06	1240.000000	1.61677e-06	1240.000000	1.91002e-10	
1260.000000	1.2764e-06	1260.000000	1.61334e-06	1260.000000	1.62995e-06	1260.000000	1.62698e-06	1260.000000	1.61315e-06	1260.000000	1.88156e-10	
1280.000000	1.27368e-06	1280.000000	1.60993e-06	1280.000000	1.62614e-06	1280.000000	1.62319e-06	1280.000000	1.60974e-06	1280.000000	1.85396e-10	
1300.000000	1.27113e-06	1300.000000	1.60672e-06	1300.000000	1.6225e-06	1300.000000	1.61957e-06	1300.000000	1.60654e-06	1300.000000	1.82717e-10	
1320.000000	1.26874e-06	1320.000000	1.6037e-06	1320.000000	1.61903e-06	1320.000000	1.61612e-06	1320.000000	1.60352e-06	1320.000000	1.80118e-10	
1340.000000	1.26651e-06	1340.000000	1.60087e-06	1340.000000	1.61572e-06	1340.000000	1.61282e-06	1340.000000	1.60069e-06	1340.000000	1.77593e-10	
1360.000000	1.26442e-06	1360.000000	1.59822e-06	1360.000000	1.61256e-06	1360.000000	1.60967e-06	1360.000000	1.59804e-06	1360.000000	1.7514e-10	
1380.000000	1.26248e-06	1380.000000	1.59573e-06	1380.000000	1.60955e-06	1380.000000	1.60666e-06	1380.000000	1.59556e-06	1380.000000	1.72756e-10	
1400.000000	1.26067e-06	1400.000000	1.59341e-06	1400.000000	1.60667e-06	1400.000000	1.60379e-06	1400.000000	1.59324e-06	1400.000000	1.70438e-10	
1420.000000	1.25899e-06	1420.000000	1.59124e-06	1420.000000	1.60392e-06	1420.000000	1.60105e-06	1420.000000	1.59107e-06	1420.000000	1.68184e-10	
1440.000000	1.25744e-06	1440.000000	1.58922e-06	1440.000000	1.60129e-06	1440.000000	1.59843e-06	1440.000000	1.58906e-06	1440.000000	1.6599e-10	
1460.000000	1.25601e-06	1460.000000	1.58735e-06	1460.000000	1.59878e-06	1460.000000	1.59593e-06	1460.000000	1.58718e-06	1460.000000	1.63854e-10	
1480.000000	1.25469e-06	1480.000000	1.58561e-06	1480.000000	1.59638e-06	1480.000000	1.59354e-06	1480.000000	1.58544e-06	1480.000000	1.61773e-10	
1500.000000	1.25349e-06	1500.000000	1.584e-06	1500.000000	1.59408e-06	1500.000000	1.59126e-06	1500.000000	1.58384e-06	1500.000000	1.59747e-10	
1520.000000	1.25239e-06	1520.000000	1.58252e-06	1520.000000	1.5919e-06	1520.000000	1.58908e-06	1520.000000	1.58236e-06	1520.000000	1.57772e-10	
1540.000000	1.2514e-06	1540.000000	1.58116e-06	1540.000000	1.58981e-06	1540.000000	1.587e-06	1540.000000	1.581e-06	1540.000000	1.55847e-10	
1560.000000	1.25051e-06	1560.000000	1.57992e-06	1560.000000	1.58782e-06	1560.000000	1.58502e-06	1560.000000	1.57976e-06	1560.000000	1.5397e-10	
1580.000000	1.24971e-06	1580.000000	1.57879e-06	1580.000000	1.58592e-06	1580.000000	1.58313e-06	1580.000000	1.57863e-06	1580.000000	1.52138e-10	
1600.000000	1.24901e-06	1600.000000	1.57777e-06	1600.000000	1.58411e-06	1600.000000	1.58132e-06	1600.000000	1.57761e-06	1600.000000	1.50351e-10	
1620.000000	1.2484e-06	1620.000000	1.57685e-06	1620.000000	1.58239e-06	1620.000000	1.57959e-06	1620.000000	1.5767e-06	1620.000000	1.48607e-10	
1640.000000	1.24788e-06	1640.000000	1.57603e-06	1640.000000	1.58076e-06	1640.000000	1.57795e-06	1640.000000	1.57589e-06	1640.000000	1.46904e-10	
1660.000000	1.24744e-06	1660.000000	1.57531e-06	1660.000000	1.5792e-06	1660.000000	1.57638e-06	1660.000000	1.57517e-06	1660.000000	1.45241e-10	
1680.000000	1.24708e-06	1680.000000	1.57469e-06	1680.000000	1.57771e-06	1680.000000	1.57489e-06	1680.000000	1.57455e-06	1680.000000	1.43616e-10	
1700.000000	1.2468e-06	1700.000000	1.57415e-06	1700.000000	1.5763e-06	1700.000000	1.57346e-06	1700.000000	1.57401e-06	1700.000000	1.42028e-10	
1750.000000	1.24643e-06	1750.000000	1.57319e-06	1750.000000	1.57305e-06	1750.000000	1.57019e-06	1750.000000	1.57306e-06	1750.000000	1.38211e-10	
1800.000000	1.24651e-06	1800.000000	1.57273e-06	1800.000000	1.57017e-06	1800.000000	1.5673e-06	1800.000000	1.5726e-06	1800.000000	1.346e-10	
1850.000000	1.24699e-06	1850.000000	1.57273e-06	1850.000000	1.56762e-06	1850.000000	1.56476e-06	1850.000000	1.5726e-06	1850.000000	1.31179e-10	
1900.000000	1.24786e-06	1900.000000	1.57316e-06	1900.000000	1.56539e-06	1900.000000	1.56253e-06	1900.000000	1.57303e-06	1900.000000	1.27931e-10	
1950.000000	1.24908e-06	1950.000000	1.57398e-06	1950.000000	1.56343e-06	1950.000000	1.56059e-06	1950.000000	1.57385e-06	1950.000000	1.24846e-10	
2000.000000	1.25062e-06	2000.000000	1.57516e-06	2000.000000	1.56173e-06	2000.000000	1.55891e-06	2000.000000	1.57503e-06	2000.000000	1.21909e-10	
2100.000000	1.25463e-06	2100.000000	1.5785e-06	2100.000000	1.55905e-06	2100.000000	1.55625e-06	2100.000000	1.57838e-06	2100.000000	1.16443e-10	
2200.000000	1.25972e-06	2200.000000	1.58301e-06	2200.000000	1.55717e-06	2200.000000	1.55439e-06	2200.000000	1.5829e-06	2200.000000	1.11459e-10	
2300.000000	1.26577e-06	2300.000000	1.58853e-06	2300.000000	1.55597e-06	2300.000000	1.55321e-06	2300.000000	1.58842e-06	2300.000000	1.06895e-10	
2400.000000	1.27268e-06	2400.000000	1.59493e-06	2400.000000	1.55534e-06	2400.000000	1.55259e-06	2400.000000	1.59483e-06	2400.000000	1.02699e-10	
2500.000000	1.28035e-06	2500.000000	1.60211e-06	2500.000000	1.55519e-06	2500.000000	1.55246e-06	2500.000000	1.60201e-06	2500.000000	9.88296e-11	
2600.000000	1.28872e-06	2600.000000	1.60998e-06	2600.000000	1.55546e-06	2600.000000	1.55274e-06	2600.000000	1.60988e-06	2600.000000	9.52486e-11	
2700.000000	1.29771e-06	2700.000000	1.61846e-06	2700.000000	1.55608e-06	2700.000000	1.55338e-06	2700.000000	1.61837e-06	2700.000000	9.19248e-11	
2800.000000	1.30728e-06	2800.000000	1.62748e-06	2800.000000	1.55701e-06	2800.000000	1.55431e-06	2800.000000	1.62739e-06	2800.000000	8.88313e-11	
2900.000000	1.31736e-06	2900.000000	1.63699e-06	2900.000000	1.5582e-06	2900.000000	1.55551e-06	2900.000000	1.6369e-06	2900.000000	8.59447e-11	
3000.000000	1.32793e-06	3000.000000	1.64694e-06	3000.000000	1.55962e-06	3000.000000	1.55692e-06	3000.000000	1.64685e-06	3000.000000	8.32448e-11	
