Energy (MeV/u)1	0 - [He-base] F.Hubert et al, AD&ND Tables 46(1990)1	Energy (MeV/u)2	1 - [H -base] J.F.Ziegler et al, Pergamon Press, NY (low energy)	Energy (MeV/u)3	2 - ATIMA 1.2  LS-theory (recommended for high energy)	Energy (MeV/u)4	3 - ATIMA 1.2  without LS-correction	Energy (MeV/u)5	4 - electrical component of [1] - J.F.Ziegler et al	Energy (MeV/u)6	5 - nuclear component of [1] - J.F.Ziegler et al	
0.001000	0.0622382	0.001000	0.0298844	0.001000	0.0361209	0.001000	0.0361209	0.001000	0.0180655	0.001000	0.011819	
0.002000	0.0812432	0.002000	0.0409291	0.002000	0.0517211	0.002000	0.0517211	0.002000	0.0312625	0.002000	0.00966658	
0.005000	0.127186	0.005000	0.0676927	0.005000	0.0888333	0.005000	0.0888333	0.005000	0.061241	0.005000	0.00645174	
0.008000	0.161316	0.008000	0.088861	0.008000	0.117817	0.008000	0.117817	0.008000	0.0838813	0.008000	0.00497963	
0.010000	0.180011	0.010000	0.100984	0.010000	0.134339	0.010000	0.134339	0.010000	0.0966249	0.010000	0.00435897	
0.015000	0.229848	0.015000	0.13733	0.015000	0.169536	0.015000	0.169536	0.015000	0.133957	0.015000	0.00337318	
0.020000	0.271509	0.020000	0.169819	0.020000	0.199253	0.020000	0.199253	0.020000	0.167035	0.020000	0.00278413	
0.025000	0.307019	0.025000	0.198826	0.025000	0.225668	0.025000	0.225668	0.025000	0.196439	0.025000	0.00238699	
0.030000	0.337456	0.030000	0.224581	0.030000	0.246239	0.030000	0.246239	0.030000	0.222502	0.030000	0.00207916	
0.035000	0.363467	0.035000	0.247318	0.035000	0.264024	0.035000	0.264024	0.035000	0.245456	0.035000	0.00186172	
0.040000	0.385501	0.040000	0.267193	0.040000	0.279444	0.040000	0.279444	0.040000	0.265504	0.040000	0.00168932	
0.045000	0.403916	0.045000	0.284395	0.045000	0.292824	0.045000	0.292824	0.045000	0.282846	0.045000	0.00154892	
0.050000	0.419032	0.050000	0.299123	0.050000	0.304414	0.050000	0.304414	0.050000	0.297691	0.050000	0.0014321	
0.055000	0.431162	0.055000	0.311591	0.055000	0.314418	0.055000	0.314418	0.055000	0.310258	0.055000	0.00133322	
0.060000	0.440614	0.060000	0.322017	0.060000	0.323008	0.060000	0.323008	0.060000	0.320769	0.060000	0.00124833	
0.070000	0.452703	0.070000	0.337615	0.070000	0.336528	0.070000	0.336528	0.070000	0.336505	0.070000	0.00110979	
0.080000	0.457649	0.080000	0.347573	0.080000	0.345987	0.080000	0.345987	0.080000	0.346572	0.080000	0.00100122	
0.090000	0.457532	0.090000	0.353327	0.090000	0.352213	0.090000	0.352213	0.090000	0.352414	0.090000	0.000913624	
0.100000	0.454055	0.100000	0.35604	0.100000	0.355886	0.100000	0.355886	0.100000	0.355199	0.100000	0.0008413	
0.120000	0.44185	0.120000	0.355687	0.120000	0.357709	0.120000	0.357709	0.120000	0.354959	0.120000	0.000728537	
0.140000	0.427434	0.140000	0.35117	0.140000	0.354773	0.140000	0.354773	0.140000	0.350525	0.140000	0.000644356	
0.160000	0.413532	0.160000	0.344848	0.160000	0.34918	0.160000	0.34918	0.160000	0.344269	0.160000	0.000578892	
0.180000	0.401003	0.180000	0.337846	0.180000	0.342215	0.180000	0.342215	0.180000	0.33732	0.180000	0.000526395	
0.200000	0.389912	0.200000	0.330676	0.200000	0.334633	0.200000	0.334633	0.200000	0.330193	0.200000	0.000483274	
0.250000	0.367016	0.250000	0.313179	0.250000	0.315374	0.250000	0.315374	0.250000	0.312776	0.250000	0.000402748	
0.300000	0.348318	0.300000	0.296819	0.300000	0.297373	0.300000	0.297373	0.300000	0.296472	0.300000	0.000346605	
0.350000	0.331833	0.350000	0.281657	0.350000	0.281103	0.350000	0.281103	0.350000	0.281352	0.350000	0.000305048	
0.400000	0.316734	0.400000	0.267653	0.400000	0.266473	0.400000	0.266473	0.400000	0.26738	0.400000	0.000272949	
0.450000	0.302712	0.450000	0.254763	0.450000	0.253298	0.450000	0.253298	0.450000	0.254516	0.450000	0.000247351	
0.500000	0.289649	0.500000	0.24293	0.500000	0.241396	0.500000	0.241396	0.500000	0.242704	0.500000	0.000226424	
0.600000	0.266175	0.600000	0.222151	0.600000	0.220808	0.600000	0.220808	0.600000	0.221957	0.600000	0.000194177	
0.700000	0.245908	0.700000	0.204691	0.700000	0.203695	0.700000	0.203695	0.700000	0.204521	0.700000	0.000170417	
0.800000	0.22841	0.800000	0.189934	0.800000	0.189291	0.800000	0.189291	0.800000	0.189782	0.800000	0.000152131	
0.900000	0.213243	0.900000	0.17735	0.900000	0.177017	0.900000	0.177017	0.900000	0.177212	0.900000	0.000137592	
1.000000	0.200012	1.000000	0.166509	1.000000	0.166435	1.000000	0.166435	1.000000	0.166384	1.000000	0.000125737	
1.250000	0.173389	1.250000	0.145011	1.250000	0.145379	1.250000	0.145379	1.250000	0.144907	1.250000	0.000103815	
1.500000	0.153286	1.500000	0.128986	1.500000	0.129597	1.500000	0.129597	1.500000	0.128897	1.500000	8.87089e-05	
1.750000	0.137542	1.750000	0.116514	1.750000	0.117249	1.750000	0.117249	1.750000	0.116436	1.750000	7.76279e-05	
2.000000	0.124853	2.000000	0.106486	2.000000	0.107277	2.000000	0.107277	2.000000	0.106417	2.000000	6.91308e-05	
2.250000	0.114394	2.250000	0.0982233	2.250000	0.0990306	2.250000	0.0990306	2.250000	0.0981609	2.250000	6.23955e-05	
2.500000	0.10385	2.500000	0.0912815	2.500000	0.092082	2.500000	0.092082	2.500000	0.0912246	2.500000	5.69175e-05	
3.000000	0.0906449	3.000000	0.0802399	3.000000	0.0809924	3.000000	0.0809924	3.000000	0.0801914	3.000000	4.85294e-05	
3.500000	0.0806354	3.500000	0.0718256	3.500000	0.072513	3.500000	0.072513	3.500000	0.0717832	3.500000	4.23925e-05	
4.000000	0.0727631	4.000000	0.0651841	4.000000	0.0658043	4.000000	0.0658043	4.000000	0.0651464	4.000000	3.76966e-05	
4.500000	0.0663958	4.500000	0.059798	4.500000	0.0603547	4.500000	0.0603547	4.500000	0.0597641	4.500000	3.39811e-05	
5.000000	0.0611309	5.000000	0.0553347	5.000000	0.0558332	5.000000	0.0558332	5.000000	0.0553038	5.000000	3.09637e-05	
5.500000	0.056699	5.500000	0.05157	5.500000	0.052016	5.500000	0.052016	5.500000	0.0515416	5.500000	2.8462e-05	
6.000000	0.0529131	6.000000	0.0483473	6.000000	0.0487462	6.000000	0.0487462	6.000000	0.048321	6.000000	2.63522e-05	
6.500000	0.0496386	6.500000	0.045554	6.500000	0.0459107	6.500000	0.0459107	6.500000	0.0455294	6.500000	2.45476e-05	
7.000000	0.0467764	7.000000	0.0431067	7.000000	0.0434256	7.000000	0.0434256	7.000000	0.0430837	7.000000	2.29855e-05	
7.500000	0.0442517	7.500000	0.0409426	7.500000	0.0412277	7.500000	0.0412277	7.500000	0.040921	7.500000	2.16194e-05	
8.000000	0.042007	8.000000	0.0390136	8.000000	0.0392682	8.000000	0.0392682	8.000000	0.0389932	8.000000	2.04139e-05	
8.500000	0.0399972	8.500000	0.0372818	8.500000	0.0375088	8.500000	0.0375088	8.500000	0.0372624	8.500000	1.9342e-05	
9.000000	0.0381865	9.000000	0.0357172	9.000000	0.0359193	9.000000	0.0359193	9.000000	0.0356988	9.000000	1.83822e-05	
9.500000	0.0365462	9.500000	0.0342958	9.500000	0.0344753	9.500000	0.0344753	9.500000	0.0342783	9.500000	1.75175e-05	
10.000000	0.0350528	10.000000	0.0331465	10.000000	0.0331569	10.000000	0.0331569	10.000000	0.0331298	10.000000	1.67344e-05	
11.000000	0.032433	11.000000	0.0308317	11.000000	0.0307807	11.000000	0.0307828	11.000000	0.0308164	11.000000	1.53696e-05	
12.000000	0.0302082	12.000000	0.0288404	12.000000	0.028748	12.000000	0.0287514	12.000000	0.0288262	12.000000	1.42198e-05	
13.000000	0.0282938	13.000000	0.0271087	13.000000	0.026987	13.000000	0.0269908	13.000000	0.0270954	13.000000	1.32373e-05	
14.000000	0.026628	14.000000	0.0255884	14.000000	0.0254445	14.000000	0.0254481	14.000000	0.025576	14.000000	1.23874e-05	
15.000000	0.0251644	15.000000	0.0242427	15.000000	0.02408	15.000000	0.0240836	15.000000	0.0242311	15.000000	1.16447e-05	
16.000000	0.0238678	16.000000	0.0230428	16.000000	0.0228634	16.000000	0.0228669	16.000000	0.0230318	16.000000	1.09898e-05	
17.000000	0.0227106	17.000000	0.0219659	17.000000	0.0217713	17.000000	0.0217743	17.000000	0.0219555	17.000000	1.04078e-05	
18.000000	0.0216711	18.000000	0.0209939	18.000000	0.0207848	18.000000	0.0207871	18.000000	0.020984	18.000000	9.88692e-06	
19.000000	0.0207319	19.000000	0.0201118	19.000000	0.0198884	19.000000	0.0198901	19.000000	0.0201024	19.000000	9.41798e-06	
20.000000	0.0198788	20.000000	0.0193076	20.000000	0.0190694	20.000000	0.0190711	20.000000	0.0192987	20.000000	8.99342e-06	
21.000000	0.0191004	21.000000	0.0185714	21.000000	0.0183182	21.000000	0.0183201	21.000000	0.0185628	21.000000	8.60715e-06	
22.000000	0.0183871	22.000000	0.0178946	22.000000	0.0176272	22.000000	0.0176286	22.000000	0.0178864	22.000000	8.25412e-06	
23.000000	0.0177308	23.000000	0.0172703	23.000000	0.0169893	23.000000	0.0169897	23.000000	0.0172624	23.000000	7.93017e-06	
24.000000	0.0171249	24.000000	0.0166926	24.000000	0.016398	24.000000	0.0163974	24.000000	0.0166849	24.000000	7.63179e-06	
25.000000	0.0165637	25.000000	0.0161562	25.000000	0.0158482	25.000000	0.0158467	25.000000	0.0161489	25.000000	7.35602e-06	
27.000000	0.0155565	27.000000	0.015191	27.000000	0.0148571	27.000000	0.0148535	27.000000	0.0151842	27.000000	6.86264e-06	
29.000000	0.014678	29.000000	0.0143464	29.000000	0.0139865	29.000000	0.0139819	29.000000	0.01434	29.000000	6.43388e-06	
31.000000	0.0139045	31.000000	0.0136007	31.000000	0.0132439	31.000000	0.0132391	31.000000	0.0135947	31.000000	6.05766e-06	
33.000000	0.013218	33.000000	0.0129374	33.000000	0.0126104	33.000000	0.0126041	33.000000	0.0129317	33.000000	5.72477e-06	
35.000000	0.0126044	35.000000	0.0123434	35.000000	0.0120409	35.000000	0.0120349	35.000000	0.0123379	35.000000	5.42801e-06	
38.000000	0.0117965	38.000000	0.0115598	38.000000	0.0112901	38.000000	0.0112832	38.000000	0.0115548	38.000000	5.03859e-06	
41.000000	0.0110986	41.000000	0.0108818	41.000000	0.0106388	41.000000	0.0106317	41.000000	0.0108771	41.000000	4.7034e-06	
44.000000	0.0104893	44.000000	0.0102891	44.000000	0.0100676	44.000000	0.0100614	44.000000	0.0102847	44.000000	4.41172e-06	
47.000000	0.00995254	47.000000	0.00976637	47.000000	0.00956462	47.000000	0.00955754	47.000000	0.00976222	47.000000	4.15548e-06	
50.000000	0.00947574	50.000000	0.00930175	50.000000	0.00911623	50.000000	0.00910908	50.000000	0.00929783	50.000000	3.92851e-06	
55.000000	0.00878896	55.000000	0.00863216	55.000000	0.00846937	55.000000	0.00846159	55.000000	0.00862856	55.000000	3.60269e-06	
60.000000	0.0082091	60.000000	0.00806669	60.000000	0.00792073	60.000000	0.00791357	60.000000	0.00806336	60.000000	3.32867e-06	
65.000000	0.00771254	65.000000	0.00758254	65.000000	0.00745076	65.000000	0.00744341	65.000000	0.00757945	65.000000	3.09487e-06	
70.000000	0.00728221	70.000000	0.00716317	70.000000	0.00704285	70.000000	0.00703539	70.000000	0.00716028	70.000000	2.89293e-06	
75.000000	0.00690544	75.000000	0.00679626	75.000000	0.00668465	75.000000	0.00667779	75.000000	0.00679354	75.000000	2.71669e-06	
80.000000	0.00657261	80.000000	0.00647244	80.000000	0.00636915	80.000000	0.00636168	80.000000	0.00646988	80.000000	2.56148e-06	
85.000000	0.0062763	85.000000	0.00618447	85.000000	0.00608725	85.000000	0.00608016	85.000000	0.00618205	85.000000	2.42369e-06	
90.000000	0.00601068	90.000000	0.00592665	90.000000	0.00583455	90.000000	0.00582777	90.000000	0.00592435	90.000000	2.30052e-06	
95.000000	0.00577112	95.000000	0.00569443	95.000000	0.00560742	95.000000	0.00560017	95.000000	0.00569224	95.000000	2.18972e-06	
100.000000	0.00555388	100.000000	0.00548414	100.000000	0.00540076	100.000000	0.00539383	100.000000	0.00548205	100.000000	2.0895e-06	
105.000000	0.00535591	105.000000	0.00529279	105.000000	0.00521253	105.000000	0.00520587	105.000000	0.00529079	105.000000	1.9984e-06	
110.000000	0.00517469	110.000000	0.0051179	110.000000	0.00504026	110.000000	0.00503394	110.000000	0.00511599	110.000000	1.91521e-06	
115.000000	0.00500814	115.000000	0.00495743	115.000000	0.00488258	115.000000	0.00487603	115.000000	0.00495559	115.000000	1.83892e-06	
120.000000	0.00485449	120.000000	0.00480964	120.000000	0.00473718	120.000000	0.00473049	120.000000	0.00480787	120.000000	1.76871e-06	
125.000000	0.00471228	125.000000	0.00467308	125.000000	0.00460226	125.000000	0.00459592	125.000000	0.00467138	125.000000	1.70386e-06	
130.000000	0.00458023	130.000000	0.00454651	130.000000	0.00447726	130.000000	0.0044711	130.000000	0.00454486	130.000000	1.64378e-06	
135.000000	0.00445727	135.000000	0.00442885	135.000000	0.00436144	135.000000	0.00435501	135.000000	0.00442726	135.000000	1.58795e-06	
140.000000	0.00434246	140.000000	0.0043192	140.000000	0.00425321	140.000000	0.00424676	140.000000	0.00431766	140.000000	1.53593e-06	
145.000000	0.00423501	145.000000	0.00421676	145.000000	0.00415179	145.000000	0.00414558	145.000000	0.00421527	145.000000	1.48734e-06	
150.000000	0.0041342	150.000000	0.00412083	150.000000	0.00405685	150.000000	0.00405079	150.000000	0.00411939	150.000000	1.44185e-06	
155.000000	0.00399227	155.000000	0.00403081	155.000000	0.00396766	155.000000	0.00396181	155.000000	0.00402942	155.000000	1.39916e-06	
160.000000	0.00390907	160.000000	0.00394618	160.000000	0.00388392	160.000000	0.00387812	160.000000	0.00394482	160.000000	1.35902e-06	
165.000000	0.00383062	165.000000	0.00386645	165.000000	0.00380528	165.000000	0.00379926	165.000000	0.00386513	165.000000	1.32121e-06	
170.000000	0.00375651	170.000000	0.00379121	170.000000	0.00373086	170.000000	0.00372482	170.000000	0.00378992	170.000000	1.28552e-06	
175.000000	0.00368639	175.000000	0.00372009	175.000000	0.0036603	175.000000	0.00365445	175.000000	0.00371884	175.000000	1.25179e-06	
180.000000	0.00361993	180.000000	0.00365277	180.000000	0.00359354	180.000000	0.00358781	180.000000	0.00365155	180.000000	1.21984e-06	
185.000000	0.00355686	185.000000	0.00358894	185.000000	0.00353023	185.000000	0.00352463	185.000000	0.00358775	185.000000	1.18955e-06	
190.000000	0.00349692	190.000000	0.00352834	190.000000	0.00347008	190.000000	0.00346463	190.000000	0.00352718	190.000000	1.16078e-06	
195.000000	0.00343988	195.000000	0.00347073	195.000000	0.00341307	195.000000	0.00340759	195.000000	0.00346959	195.000000	1.13342e-06	
200.000000	0.00338553	200.000000	0.00341589	200.000000	0.00335894	200.000000	0.00335329	200.000000	0.00341478	200.000000	1.10738e-06	
210.000000	0.00328416	210.000000	0.00331377	210.000000	0.00325772	210.000000	0.00325217	210.000000	0.00331271	210.000000	1.05884e-06	
220.000000	0.00319152	220.000000	0.00322063	220.000000	0.0031653	220.000000	0.00315995	220.000000	0.00321962	220.000000	1.01453e-06	
230.000000	0.00310651	230.000000	0.00313533	230.000000	0.00308063	230.000000	0.00307549	230.000000	0.00313436	230.000000	9.73916e-07	
240.000000	0.00302823	240.000000	0.00305693	240.000000	0.00300316	240.000000	0.00299788	240.000000	0.003056	240.000000	9.36541e-07	
250.000000	0.00295589	250.000000	0.00298463	250.000000	0.00293162	250.000000	0.00292633	250.000000	0.00298373	250.000000	9.02029e-07	
260.000000	0.00288885	260.000000	0.00291774	260.000000	0.00286527	260.000000	0.00286015	260.000000	0.00291687	260.000000	8.70062e-07	
270.000000	0.00282655	270.000000	0.00285569	270.000000	0.00280376	270.000000	0.00279879	270.000000	0.00285485	270.000000	8.40363e-07	
280.000000	0.00276849	280.000000	0.00279798	280.000000	0.00274659	280.000000	0.00274173	280.000000	0.00279717	280.000000	8.12697e-07	
290.000000	0.00271426	290.000000	0.00274417	290.000000	0.00269356	290.000000	0.00268856	290.000000	0.00274338	290.000000	7.86859e-07	
300.000000	0.00266349	300.000000	0.00269388	300.000000	0.00264391	300.000000	0.0026389	300.000000	0.00269311	300.000000	7.62673e-07	
310.000000	0.00261587	310.000000	0.00264678	310.000000	0.00259729	310.000000	0.00259241	310.000000	0.00264604	310.000000	7.39982e-07	
320.000000	0.00257111	320.000000	0.00260259	320.000000	0.0025536	320.000000	0.00254882	320.000000	0.00260187	320.000000	7.1865e-07	
330.000000	0.00252896	330.000000	0.00256105	330.000000	0.00251253	330.000000	0.00250786	330.000000	0.00256035	330.000000	6.98558e-07	
340.000000	0.00248922	340.000000	0.00252193	340.000000	0.00247394	340.000000	0.00246932	340.000000	0.00252125	340.000000	6.79598e-07	
350.000000	0.00245166	350.000000	0.00248503	350.000000	0.00243773	350.000000	0.00243299	350.000000	0.00248437	350.000000	6.61678e-07	
360.000000	0.00241614	360.000000	0.00245018	360.000000	0.00240347	360.000000	0.0023987	360.000000	0.00244954	360.000000	6.44712e-07	
370.000000	0.00238248	370.000000	0.00241721	370.000000	0.00237095	370.000000	0.00236628	370.000000	0.00241658	370.000000	6.28625e-07	
380.000000	0.00235055	380.000000	0.00238597	380.000000	0.00234018	380.000000	0.00233559	380.000000	0.00238536	380.000000	6.13351e-07	
390.000000	0.00232022	390.000000	0.00235635	390.000000	0.00231102	390.000000	0.0023065	390.000000	0.00235575	390.000000	5.98827e-07	
400.000000	0.00229138	400.000000	0.00232821	400.000000	0.00228333	400.000000	0.0022789	400.000000	0.00232763	400.000000	5.85e-07	
410.000000	0.00226392	410.000000	0.00230146	410.000000	0.00225706	410.000000	0.00225267	410.000000	0.00230089	410.000000	5.7182e-07	
420.000000	0.00223775	420.000000	0.002276	420.000000	0.00223218	420.000000	0.00222773	420.000000	0.00227545	420.000000	5.59242e-07	
430.000000	0.00221279	430.000000	0.00225175	430.000000	0.00220852	430.000000	0.00220399	430.000000	0.0022512	430.000000	5.47225e-07	
440.000000	0.00218895	440.000000	0.00222861	440.000000	0.00218587	440.000000	0.00218136	440.000000	0.00222808	440.000000	5.35733e-07	
450.000000	0.00216616	450.000000	0.00220653	450.000000	0.00216421	450.000000	0.00215977	450.000000	0.00220601	450.000000	5.2473e-07	
460.000000	0.00214436	460.000000	0.00218543	460.000000	0.00214354	460.000000	0.00213916	460.000000	0.00218492	460.000000	5.14186e-07	
470.000000	0.0021235	470.000000	0.00216526	470.000000	0.0021238	470.000000	0.00211947	470.000000	0.00216475	470.000000	5.04073e-07	
480.000000	0.0021035	480.000000	0.00214595	480.000000	0.00210491	480.000000	0.00210064	480.000000	0.00214545	480.000000	4.94364e-07	
490.000000	0.00208433	490.000000	0.00212746	490.000000	0.00208682	490.000000	0.00208261	490.000000	0.00212697	490.000000	4.85035e-07	
500.000000	0.00206594	500.000000	0.00210973	500.000000	0.00206953	500.000000	0.00206535	500.000000	0.00210925	500.000000	4.76065e-07	
520.000000	0.00203131	520.000000	0.00207641	520.000000	0.00203721	520.000000	0.00203293	520.000000	0.00207595	520.000000	4.59117e-07	
540.000000	0.0019993	540.000000	0.00204568	540.000000	0.00200736	540.000000	0.00200307	540.000000	0.00204524	540.000000	4.43376e-07	
560.000000	0.00196965	560.000000	0.00201726	560.000000	0.00197969	560.000000	0.0019755	560.000000	0.00201684	560.000000	4.28714e-07	
580.000000	0.00194213	580.000000	0.00199093	580.000000	0.00195411	580.000000	0.00194998	580.000000	0.00199052	580.000000	4.15024e-07	
600.000000	0.00191653	600.000000	0.00196648	600.000000	0.00193035	600.000000	0.00192631	600.000000	0.00196608	600.000000	4.02211e-07	
620.000000	0.00189268	620.000000	0.00194374	620.000000	0.00190831	620.000000	0.00190431	620.000000	0.00194335	620.000000	3.90192e-07	
640.000000	0.00187042	640.000000	0.00192254	640.000000	0.00188789	640.000000	0.00188383	640.000000	0.00192216	640.000000	3.78895e-07	
660.000000	0.00184961	660.000000	0.00190276	660.000000	0.00186884	660.000000	0.00186473	660.000000	0.00190239	660.000000	3.68256e-07	
680.000000	0.00183014	680.000000	0.00188426	680.000000	0.00185095	680.000000	0.00184688	680.000000	0.00188391	680.000000	3.58218e-07	
700.000000	0.00181189	700.000000	0.00186695	700.000000	0.00183419	700.000000	0.00183018	700.000000	0.0018666	700.000000	3.48732e-07	
720.000000	0.00179477	720.000000	0.00185073	720.000000	0.0018185	720.000000	0.00181454	720.000000	0.00185039	720.000000	3.39752e-07	
740.000000	0.00177869	740.000000	0.0018355	740.000000	0.00180378	740.000000	0.00179987	740.000000	0.00183517	740.000000	3.31238e-07	
760.000000	0.00176357	760.000000	0.0018212	760.000000	0.00178994	760.000000	0.00178608	760.000000	0.00182088	760.000000	3.23156e-07	
780.000000	0.00174935	780.000000	0.00180776	780.000000	0.00177694	780.000000	0.00177312	780.000000	0.00180744	780.000000	3.15471e-07	
800.000000	0.00173596	800.000000	0.00179511	800.000000	0.00176477	800.000000	0.00176091	800.000000	0.0017948	800.000000	3.08156e-07	
820.000000	0.00172334	820.000000	0.00178319	820.000000	0.00175338	820.000000	0.00174947	820.000000	0.00178289	820.000000	3.01184e-07	
840.000000	0.00171144	840.000000	0.00177195	840.000000	0.00174288	840.000000	0.00173894	840.000000	0.00177166	840.000000	2.94532e-07	
860.000000	0.00170022	860.000000	0.00176136	860.000000	0.00173292	860.000000	0.001729	860.000000	0.00176107	860.000000	2.88177e-07	
880.000000	0.00168962	880.000000	0.00175136	880.000000	0.00172349	880.000000	0.00171962	880.000000	0.00175107	880.000000	2.82099e-07	
900.000000	0.00167962	900.000000	0.00174191	900.000000	0.00171457	900.000000	0.00171074	900.000000	0.00174163	900.000000	2.76281e-07	
920.000000	0.00167017	920.000000	0.00173299	920.000000	0.00170614	920.000000	0.00170234	920.000000	0.00173272	920.000000	2.70707e-07	
940.000000	0.00166124	940.000000	0.00172455	940.000000	0.00169816	940.000000	0.00169439	940.000000	0.00172429	940.000000	2.65361e-07	
960.000000	0.0016528	960.000000	0.00171657	960.000000	0.00169061	960.000000	0.00168686	960.000000	0.00171631	960.000000	2.60229e-07	
980.000000	0.00164482	980.000000	0.00170903	980.000000	0.00168345	980.000000	0.00167971	980.000000	0.00170877	980.000000	2.55298e-07	
1000.000000	0.00163728	1000.000000	0.00170189	1000.000000	0.00167665	1000.000000	0.00167294	1000.000000	0.00170164	1000.000000	2.50557e-07	
1020.000000	0.00163014	1020.000000	0.00169513	1020.000000	0.0016702	1020.000000	0.00166651	1020.000000	0.00169489	1020.000000	2.45995e-07	
1040.000000	0.0016234	1040.000000	0.00168874	1040.000000	0.00166406	1040.000000	0.00166041	1040.000000	0.00168849	1040.000000	2.41602e-07	
1060.000000	0.00161703	1060.000000	0.00168268	1060.000000	0.00165823	1060.000000	0.00165461	1060.000000	0.00168244	1060.000000	2.37368e-07	
1080.000000	0.00161101	1080.000000	0.00167695	1080.000000	0.0016527	1080.000000	0.0016491	1080.000000	0.00167671	1080.000000	2.33285e-07	
1100.000000	0.00160531	1100.000000	0.00167152	1100.000000	0.00164745	1100.000000	0.00164386	1100.000000	0.00167129	1100.000000	2.29345e-07	
1120.000000	0.00159994	1120.000000	0.00166638	1120.000000	0.00164248	1120.000000	0.00163888	1120.000000	0.00166615	1120.000000	2.2554e-07	
1140.000000	0.00159486	1140.000000	0.00166152	1140.000000	0.00163776	1140.000000	0.00163414	1140.000000	0.00166129	1140.000000	2.21864e-07	
1160.000000	0.00159007	1160.000000	0.00165691	1160.000000	0.00163327	1160.000000	0.00162963	1160.000000	0.00165669	1160.000000	2.1831e-07	
1180.000000	0.00158554	1180.000000	0.00165255	1180.000000	0.00162901	1180.000000	0.00162534	1180.000000	0.00165234	1180.000000	2.14871e-07	
1200.000000	0.00158128	1200.000000	0.00164843	1200.000000	0.00162493	1200.000000	0.00162125	1200.000000	0.00164822	1200.000000	2.11543e-07	
1220.000000	0.00157727	1220.000000	0.00164453	1220.000000	0.00162104	1220.000000	0.00161736	1220.000000	0.00164433	1220.000000	2.0832e-07	
1240.000000	0.00157348	1240.000000	0.00164085	1240.000000	0.00161732	1240.000000	0.00161365	1240.000000	0.00164064	1240.000000	2.05197e-07	
1260.000000	0.00156993	1260.000000	0.00163737	1260.000000	0.00161377	1260.000000	0.00161011	1260.000000	0.00163717	1260.000000	2.02169e-07	
1280.000000	0.00156659	1280.000000	0.00163408	1280.000000	0.00161038	1280.000000	0.00160675	1280.000000	0.00163388	1280.000000	1.99233e-07	
1300.000000	0.00156345	1300.000000	0.00163098	1300.000000	0.00160715	1300.000000	0.00160354	1300.000000	0.00163078	1300.000000	1.96383e-07	
1320.000000	0.00156052	1320.000000	0.00162805	1320.000000	0.00160408	1320.000000	0.00160048	1320.000000	0.00162786	1320.000000	1.93617e-07	
1340.000000	0.00155777	1340.000000	0.0016253	1340.000000	0.00160115	1340.000000	0.00159756	1340.000000	0.0016251	1340.000000	1.9093e-07	
1360.000000	0.0015552	1360.000000	0.0016227	1360.000000	0.00159835	1360.000000	0.00159478	1360.000000	0.00162251	1360.000000	1.88319e-07	
1380.000000	0.00155281	1380.000000	0.00162026	1380.000000	0.00159569	1380.000000	0.00159213	1380.000000	0.00162007	1380.000000	1.8578e-07	
1400.000000	0.00155059	1400.000000	0.00161797	1400.000000	0.00159316	1400.000000	0.0015896	1400.000000	0.00161779	1400.000000	1.83312e-07	
1420.000000	0.00154852	1420.000000	0.00161582	1420.000000	0.00159074	1420.000000	0.00158719	1420.000000	0.00161564	1420.000000	1.80911e-07	
1440.000000	0.00154661	1440.000000	0.00161381	1440.000000	0.00158843	1440.000000	0.0015849	1440.000000	0.00161363	1440.000000	1.78574e-07	
1460.000000	0.00154485	1460.000000	0.00161192	1460.000000	0.00158622	1460.000000	0.00158271	1460.000000	0.00161175	1460.000000	1.76298e-07	
1480.000000	0.00154323	1480.000000	0.00161016	1480.000000	0.00158412	1480.000000	0.00158062	1480.000000	0.00160999	1480.000000	1.74082e-07	
1500.000000	0.00154175	1500.000000	0.00160853	1500.000000	0.00158212	1500.000000	0.00157863	1500.000000	0.00160836	1500.000000	1.71922e-07	
1520.000000	0.0015404	1520.000000	0.00160701	1520.000000	0.00158021	1520.000000	0.00157674	1520.000000	0.00160684	1520.000000	1.69818e-07	
1540.000000	0.00153918	1540.000000	0.0016056	1540.000000	0.0015784	1540.000000	0.00157494	1540.000000	0.00160543	1540.000000	1.67766e-07	
1560.000000	0.00153809	1560.000000	0.0016043	1560.000000	0.00157667	1560.000000	0.00157322	1560.000000	0.00160413	1560.000000	1.65764e-07	
1580.000000	0.00153711	1580.000000	0.0016031	1580.000000	0.00157503	1580.000000	0.00157158	1580.000000	0.00160293	1580.000000	1.63812e-07	
1600.000000	0.00153625	1600.000000	0.001602	1600.000000	0.00157347	1600.000000	0.00157002	1600.000000	0.00160184	1600.000000	1.61906e-07	
1620.000000	0.00153549	1620.000000	0.00160099	1620.000000	0.00157199	1620.000000	0.00156854	1620.000000	0.00160083	1620.000000	1.60046e-07	
1640.000000	0.00153485	1640.000000	0.00160008	1640.000000	0.00157059	1640.000000	0.00156713	1640.000000	0.00159992	1640.000000	1.58229e-07	
1660.000000	0.00153431	1660.000000	0.00159926	1660.000000	0.00156926	1660.000000	0.00156579	1660.000000	0.0015991	1660.000000	1.56455e-07	
1680.000000	0.00153387	1680.000000	0.00159852	1680.000000	0.001568	1680.000000	0.00156451	1680.000000	0.00159837	1680.000000	1.54721e-07	
1700.000000	0.00153353	1700.000000	0.00159787	1700.000000	0.0015668	1700.000000	0.0015633	1700.000000	0.00159771	1700.000000	1.53027e-07	
1750.000000	0.00153307	1750.000000	0.00159658	1750.000000	0.00156406	1750.000000	0.00156054	1750.000000	0.00159643	1750.000000	1.48954e-07	
1800.000000	0.00153317	1800.000000	0.00159574	1800.000000	0.00156165	1800.000000	0.00155812	1800.000000	0.0015956	1800.000000	1.45099e-07	
1850.000000	0.00153376	1850.000000	0.00159533	1850.000000	0.00155954	1850.000000	0.00155601	1850.000000	0.00159519	1850.000000	1.41445e-07	
1900.000000	0.00153483	1900.000000	0.00159531	1900.000000	0.00155771	1900.000000	0.00155419	1900.000000	0.00159517	1900.000000	1.37976e-07	
1950.000000	0.00153633	1950.000000	0.00159565	1950.000000	0.00155612	1950.000000	0.00155262	1950.000000	0.00159551	1950.000000	1.34679e-07	
2000.000000	0.00153823	2000.000000	0.00159631	2000.000000	0.00155477	2000.000000	0.00155129	2000.000000	0.00159618	2000.000000	1.31541e-07	
2100.000000	0.00154316	2100.000000	0.00159856	2100.000000	0.0015527	2100.000000	0.00154925	2100.000000	0.00159843	2100.000000	1.25697e-07	
2200.000000	0.00154942	2200.000000	0.00160186	2200.000000	0.00155136	2200.000000	0.00154793	2200.000000	0.00160174	2200.000000	1.20366e-07	
2300.000000	0.00155686	2300.000000	0.0016061	2300.000000	0.00155062	2300.000000	0.0015472	2300.000000	0.00160598	2300.000000	1.15482e-07	
2400.000000	0.00156536	2400.000000	0.00161114	2400.000000	0.00155037	2400.000000	0.00154698	2400.000000	0.00161103	2400.000000	1.1099e-07	
2500.000000	0.0015748	2500.000000	0.0016169	2500.000000	0.00155055	2500.000000	0.00154719	2500.000000	0.00161679	2500.000000	1.06846e-07	
2600.000000	0.00158509	2600.000000	0.00162329	2600.000000	0.00155109	2600.000000	0.00154775	2600.000000	0.00162318	2600.000000	1.03009e-07	
2700.000000	0.00159615	2700.000000	0.00163023	2700.000000	0.00155195	2700.000000	0.00154861	2700.000000	0.00163014	2700.000000	9.94462e-08	
2800.000000	0.00160791	2800.000000	0.00163768	2800.000000	0.00155306	2800.000000	0.00154974	2800.000000	0.00163759	2800.000000	9.61293e-08	
2900.000000	0.00162032	2900.000000	0.00164558	2900.000000	0.00155441	2900.000000	0.00155108	2900.000000	0.00164548	2900.000000	9.30331e-08	
3000.000000	0.00163332	3000.000000	0.00165387	3000.000000	0.00155594	3000.000000	0.00155261	3000.000000	0.00165378	3000.000000	9.01362e-08	
