0.001000	0.0192876	0.001000	0.0242014	0.001000	0.0320506	0.001000	0.0320506	0.001000	0.021575	0.001000	0.00262642	
0.002000	0.0234455	0.002000	0.0293392	0.002000	0.0368319	0.002000	0.0368319	0.002000	0.0274987	0.002000	0.0018405	
0.005000	0.0311533	0.005000	0.038945	0.005000	0.0450486	0.005000	0.0450486	0.005000	0.0378958	0.005000	0.00104925	
0.008000	0.0363485	0.008000	0.0454348	0.008000	0.0502484	0.008000	0.0502484	0.008000	0.0446717	0.008000	0.000763132	
0.010000	0.0391589	0.010000	0.0489524	0.010000	0.0529763	0.010000	0.0529763	0.010000	0.0483004	0.010000	0.000651982	
0.015000	0.047278	0.015000	0.0565716	0.015000	0.0583887	0.015000	0.0583887	0.015000	0.0560893	0.015000	0.000482367	
0.020000	0.0539209	0.020000	0.0627199	0.020000	0.0626134	0.020000	0.0626134	0.020000	0.0623309	0.020000	0.00038897	
0.025000	0.0594115	0.025000	0.0678463	0.025000	0.0661223	0.025000	0.0661223	0.025000	0.0675182	0.025000	0.000328051	
0.030000	0.0639211	0.030000	0.0721846	0.030000	0.0694977	0.030000	0.0694977	0.030000	0.0718998	0.030000	0.000284866	
0.035000	0.0675618	0.035000	0.0758749	0.035000	0.072317	0.035000	0.072317	0.035000	0.0756224	0.035000	0.000252498	
0.040000	0.0704216	0.040000	0.0790101	0.040000	0.0746747	0.040000	0.0746747	0.040000	0.0787829	0.040000	0.000227247	
0.045000	0.0725793	0.045000	0.0816576	0.045000	0.0766395	0.045000	0.0766395	0.045000	0.0814507	0.045000	0.000206946	
0.050000	0.0741107	0.050000	0.0838696	0.050000	0.0782641	0.050000	0.0782641	0.050000	0.0836794	0.050000	0.000190235	
0.055000	0.0750903	0.055000	0.085689	0.055000	0.0795907	0.055000	0.0795907	0.055000	0.0855128	0.055000	0.000176218	
0.060000	0.0755915	0.060000	0.0871529	0.060000	0.0806545	0.060000	0.0806545	0.060000	0.0869886	0.060000	0.000164275	
0.070000	0.0754379	0.070000	0.089144	0.070000	0.0821093	0.070000	0.0821093	0.070000	0.088999	0.070000	0.00014497	
0.080000	0.0741644	0.080000	0.0900781	0.080000	0.0828246	0.080000	0.0828246	0.080000	0.0899481	0.080000	0.000130005	
0.090000	0.0721943	0.090000	0.0901612	0.090000	0.0829545	0.090000	0.0829545	0.090000	0.0900431	0.090000	0.000118034	
0.100000	0.0698484	0.100000	0.0895749	0.100000	0.0826231	0.100000	0.0826231	0.100000	0.0894667	0.100000	0.000108223	
0.120000	0.0648548	0.120000	0.0870024	0.120000	0.0809638	0.120000	0.0809638	0.120000	0.0869094	0.120000	9.3058e-05	
0.140000	0.0601713	0.140000	0.0833452	0.140000	0.0784565	0.140000	0.0784565	0.140000	0.0832634	0.140000	8.18458e-05	
0.160000	0.0561052	0.160000	0.0792518	0.160000	0.0755067	0.160000	0.0755067	0.160000	0.0791786	0.160000	7.31929e-05	
0.180000	0.0526698	0.180000	0.0751107	0.180000	0.0723782	0.180000	0.0723782	0.180000	0.0750444	0.180000	6.62975e-05	
0.200000	0.0497791	0.200000	0.0711332	0.200000	0.0692374	0.200000	0.0692374	0.200000	0.0710726	0.200000	6.06637e-05	
0.250000	0.0442895	0.250000	0.0624184	0.250000	0.0618882	0.250000	0.0618882	0.250000	0.0623682	0.250000	5.02185e-05	
0.300000	0.0403752	0.300000	0.0555241	0.300000	0.0556288	0.300000	0.0556288	0.300000	0.0554811	0.300000	4.29978e-05	
0.350000	0.0373695	0.350000	0.050112	0.350000	0.0504626	0.350000	0.0504626	0.350000	0.0500743	0.350000	3.76879e-05	
0.400000	0.0349321	0.400000	0.0458046	0.400000	0.0462169	0.400000	0.0462169	0.400000	0.045771	0.400000	3.36081e-05	
0.450000	0.0328808	0.450000	0.0423081	0.450000	0.0427032	0.450000	0.0427032	0.450000	0.0422778	0.450000	3.03687e-05	
0.500000	0.0311102	0.500000	0.0394121	0.500000	0.0397616	0.500000	0.0397616	0.500000	0.0393844	0.500000	2.77302e-05	
0.600000	0.028171	0.600000	0.0348731	0.600000	0.0351247	0.600000	0.0351247	0.600000	0.0348495	0.600000	2.3683e-05	
0.700000	0.025802	0.700000	0.0314464	0.700000	0.0316273	0.700000	0.0316273	0.700000	0.0314256	0.700000	2.07161e-05	
0.800000	0.023837	0.800000	0.0287397	0.800000	0.0288793	0.800000	0.0288793	0.800000	0.0287212	0.800000	1.84422e-05	
0.900000	0.0221744	0.900000	0.0265299	0.900000	0.0266493	0.900000	0.0266493	0.900000	0.0265132	0.900000	1.66405e-05	
1.000000	0.0207461	1.000000	0.0246805	1.000000	0.0247933	1.000000	0.0247933	1.000000	0.0246653	1.000000	1.51756e-05	
1.250000	0.017915	1.250000	0.0211203	1.250000	0.0212457	1.250000	0.0212457	1.250000	0.0211078	1.250000	1.2478e-05	
1.500000	0.0158059	1.500000	0.0185361	1.500000	0.0186874	1.500000	0.0186874	1.500000	0.0185255	1.500000	1.06281e-05	
1.750000	0.0141686	1.750000	0.0165589	1.750000	0.0167358	1.750000	0.0167358	1.750000	0.0165496	1.750000	9.27636e-06	
2.000000	0.0128579	2.000000	0.0149898	2.000000	0.0151885	2.000000	0.0151885	2.000000	0.0149816	2.000000	8.24305e-06	
2.250000	0.0117831	2.250000	0.0137106	2.250000	0.0139268	2.250000	0.0139268	2.250000	0.0137031	2.250000	7.42613e-06	
2.500000	0.0108379	2.500000	0.0126454	2.500000	0.0128753	2.500000	0.0128753	2.500000	0.0126386	2.500000	6.76319e-06	
3.000000	0.00946338	3.000000	0.0109686	3.000000	0.0112171	3.000000	0.0112171	3.000000	0.0109629	3.000000	5.75089e-06	
3.500000	0.00842023	3.500000	0.00970484	3.500000	0.00996358	3.500000	0.00996358	3.500000	0.00969983	3.500000	5.01261e-06	
4.000000	0.00759922	4.000000	0.00871558	4.000000	0.00897929	4.000000	0.00897929	4.000000	0.00871113	4.000000	4.44915e-06	
4.500000	0.00693485	4.500000	0.00791864	4.500000	0.00818397	4.500000	0.00818397	4.500000	0.00791463	4.500000	4.00428e-06	
5.000000	0.00638533	5.000000	0.00726196	5.000000	0.00752676	5.000000	0.00752676	5.000000	0.00725831	5.000000	3.64369e-06	
5.500000	0.00592266	5.500000	0.00671088	5.500000	0.00697376	5.500000	0.00697376	5.500000	0.00670754	5.500000	3.34521e-06	
6.000000	0.00552735	6.000000	0.00624141	6.000000	0.00650147	6.000000	0.00650147	6.000000	0.00623832	6.000000	3.09386e-06	
6.500000	0.00518541	6.500000	0.00583636	6.500000	0.00609303	6.500000	0.00609303	6.500000	0.00583348	6.500000	2.87915e-06	
7.000000	0.0048865	7.000000	0.00548311	7.000000	0.00573603	7.000000	0.00573603	7.000000	0.00548041	7.000000	2.69352e-06	
7.500000	0.00462282	7.500000	0.00517214	7.500000	0.00542111	7.500000	0.00542111	7.500000	0.00516961	7.500000	2.53134e-06	
8.000000	0.00438836	8.000000	0.00489617	8.000000	0.0051411	8.000000	0.0051411	8.000000	0.00489378	8.000000	2.38838e-06	
8.500000	0.00417843	8.500000	0.0046495	8.500000	0.00489036	8.500000	0.00489036	8.500000	0.00464724	8.500000	2.26138e-06	
9.000000	0.0039893	9.000000	0.00442763	9.000000	0.00466443	9.000000	0.00466443	9.000000	0.00442549	9.000000	2.14775e-06	
9.500000	0.00381796	9.500000	0.00422694	9.500000	0.00445972	9.500000	0.00445972	9.500000	0.00422489	9.500000	2.04547e-06	
10.000000	0.00366196	10.000000	0.00418722	10.000000	0.00427332	10.000000	0.00427332	10.000000	0.00418527	10.000000	1.9529e-06	
11.000000	0.00338829	11.000000	0.00388008	11.000000	0.00394229	11.000000	0.00394233	11.000000	0.00387829	11.000000	1.79174e-06	
12.000000	0.00315587	12.000000	0.00361787	12.000000	0.00366172	12.000000	0.00366178	12.000000	0.00361621	12.000000	1.65614e-06	
13.000000	0.00295588	13.000000	0.00339127	13.000000	0.00342089	13.000000	0.00342092	13.000000	0.00338973	13.000000	1.54038e-06	
14.000000	0.00278185	14.000000	0.00319342	14.000000	0.00321188	14.000000	0.00321188	14.000000	0.00319198	14.000000	1.44036e-06	
15.000000	0.00262896	15.000000	0.00301909	15.000000	0.00302873	15.000000	0.00302874	15.000000	0.00301774	15.000000	1.35304e-06	
16.000000	0.00249351	16.000000	0.00286428	16.000000	0.00286701	16.000000	0.00286698	16.000000	0.00286301	16.000000	1.2761e-06	
17.000000	0.00237261	17.000000	0.00272584	17.000000	0.00272322	17.000000	0.00272309	17.000000	0.00272463	17.000000	1.20778e-06	
18.000000	0.00226402	18.000000	0.00260126	18.000000	0.00259447	18.000000	0.00259429	18.000000	0.00260012	18.000000	1.14668e-06	
19.000000	0.0021659	19.000000	0.00248854	19.000000	0.00247853	19.000000	0.00247836	19.000000	0.00248745	19.000000	1.09171e-06	
20.000000	0.00207678	20.000000	0.00238604	20.000000	0.00237365	20.000000	0.00237348	20.000000	0.002385	20.000000	1.04197e-06	
21.000000	0.00199545	21.000000	0.0022924	21.000000	0.00227837	21.000000	0.00227818	21.000000	0.0022914	21.000000	9.96747e-07	
22.000000	0.00192093	22.000000	0.00220651	22.000000	0.00219142	22.000000	0.00219124	22.000000	0.00220556	22.000000	9.55438e-07	
23.000000	0.00185237	23.000000	0.00212743	23.000000	0.00211181	23.000000	0.00211163	23.000000	0.00212652	23.000000	9.17551e-07	
24.000000	0.00178907	24.000000	0.00205438	24.000000	0.00203875	24.000000	0.00203849	24.000000	0.0020535	24.000000	8.82673e-07	
25.000000	0.00173044	25.000000	0.00198667	25.000000	0.00197148	25.000000	0.0019711	25.000000	0.00198582	25.000000	8.50453e-07	
27.000000	0.00162522	27.000000	0.00186508	27.000000	0.00185163	27.000000	0.00185115	27.000000	0.00186428	27.000000	7.92846e-07	
29.000000	0.00153344	29.000000	0.00175894	29.000000	0.00174823	29.000000	0.00174776	29.000000	0.0017582	29.000000	7.42825e-07	
31.000000	0.00145263	31.000000	0.00166545	31.000000	0.00165687	31.000000	0.00165639	31.000000	0.00166475	31.000000	6.98969e-07	
33.000000	0.00138091	33.000000	0.00158244	33.000000	0.00157456	33.000000	0.00157412	33.000000	0.00158178	33.000000	6.60189e-07	
35.000000	0.0013168	35.000000	0.00150823	35.000000	0.00150094	35.000000	0.00150054	35.000000	0.00150761	35.000000	6.25642e-07	
38.000000	0.0012324	38.000000	0.00141053	38.000000	0.00140418	38.000000	0.00140365	38.000000	0.00140995	38.000000	5.80341e-07	
41.000000	0.00115949	41.000000	0.00132615	41.000000	0.00132049	41.000000	0.00131994	41.000000	0.00132561	41.000000	5.41381e-07	
44.000000	0.00109584	44.000000	0.00125251	44.000000	0.00124735	44.000000	0.00124684	44.000000	0.001252	44.000000	5.07503e-07	
47.000000	0.00103976	47.000000	0.00118766	47.000000	0.00118292	47.000000	0.00118244	47.000000	0.00118718	47.000000	4.77762e-07	
50.000000	0.000989948	50.000000	0.00113009	50.000000	0.00112569	50.000000	0.00112524	50.000000	0.00112963	50.000000	4.51436e-07	
55.000000	0.000918199	55.000000	0.00104724	55.000000	0.00104329	55.000000	0.00104287	55.000000	0.00104682	55.000000	4.13673e-07	
60.000000	0.000857619	60.000000	0.000977381	60.000000	0.000973774	60.000000	0.000973365	60.000000	0.000976999	60.000000	3.81942e-07	
65.000000	0.000805743	65.000000	0.000917649	65.000000	0.000914371	65.000000	0.000913888	65.000000	0.000917294	65.000000	3.5489e-07	
70.000000	0.000760786	70.000000	0.000865967	70.000000	0.00086283	70.000000	0.000862391	70.000000	0.000865635	70.000000	3.31542e-07	
75.000000	0.000721424	75.000000	0.000820793	75.000000	0.000817765	75.000000	0.000817351	75.000000	0.000820482	75.000000	3.11179e-07	
80.000000	0.000686652	80.000000	0.000780958	80.000000	0.000778002	80.000000	0.000777611	80.000000	0.000780665	80.000000	2.93255e-07	
85.000000	0.000655696	85.000000	0.000745559	85.000000	0.000742648	85.000000	0.000742278	85.000000	0.000745282	85.000000	2.77353e-07	
90.000000	0.000627947	90.000000	0.000713886	90.000000	0.000711005	90.000000	0.00071065	90.000000	0.000713623	90.000000	2.63146e-07	
95.000000	0.00060292	95.000000	0.000685376	95.000000	0.000682589	95.000000	0.000682167	95.000000	0.000685126	95.000000	2.50372e-07	
100.000000	0.000580224	100.000000	0.000659572	100.000000	0.000656783	100.000000	0.00065638	100.000000	0.000659333	100.000000	2.38823e-07	
105.000000	0.000559542	105.000000	0.000636103	105.000000	0.000633303	105.000000	0.000632918	105.000000	0.000635874	105.000000	2.28329e-07	
110.000000	0.00054061	110.000000	0.000614662	110.000000	0.00061185	110.000000	0.000611478	110.000000	0.000614444	110.000000	2.1875e-07	
115.000000	0.000523209	115.000000	0.000594997	115.000000	0.000592167	115.000000	0.000591809	115.000000	0.000594787	115.000000	2.0997e-07	
120.000000	0.000507158	120.000000	0.000576892	120.000000	0.000574042	120.000000	0.000573697	120.000000	0.00057669	120.000000	2.01892e-07	
125.000000	0.0004923	125.000000	0.000560168	125.000000	0.000557299	125.000000	0.000556964	125.000000	0.000559974	125.000000	1.94434e-07	
130.000000	0.000478505	130.000000	0.000544672	130.000000	0.000541781	130.000000	0.000541458	130.000000	0.000544484	130.000000	1.87526e-07	
135.000000	0.000465659	135.000000	0.000530272	135.000000	0.000527353	135.000000	0.000527047	135.000000	0.000530091	135.000000	1.81109e-07	
140.000000	0.000453665	140.000000	0.000516855	140.000000	0.000513947	140.000000	0.000513618	140.000000	0.00051668	140.000000	1.75132e-07	
145.000000	0.000442439	145.000000	0.000504323	145.000000	0.000501434	145.000000	0.000501076	145.000000	0.000504153	145.000000	1.6955e-07	
150.000000	0.000431908	150.000000	0.000492591	150.000000	0.000489681	150.000000	0.000489333	150.000000	0.000492427	150.000000	1.64326e-07	
155.000000	0.000417079	155.000000	0.000481584	155.000000	0.000478652	155.000000	0.000478317	155.000000	0.000481425	155.000000	1.59425e-07	
160.000000	0.000408388	160.000000	0.000471237	160.000000	0.000468289	160.000000	0.000467961	160.000000	0.000471082	160.000000	1.54818e-07	
165.000000	0.000400192	165.000000	0.000461492	165.000000	0.000458528	165.000000	0.000458208	165.000000	0.000461341	165.000000	1.50479e-07	
170.000000	0.00039245	170.000000	0.000452297	170.000000	0.000449319	170.000000	0.000449007	170.000000	0.000452151	170.000000	1.46385e-07	
175.000000	0.000385124	175.000000	0.000443607	175.000000	0.000440618	175.000000	0.000440311	175.000000	0.000443465	175.000000	1.42516e-07	
180.000000	0.000378181	180.000000	0.000435382	180.000000	0.000432381	180.000000	0.000432082	180.000000	0.000435243	180.000000	1.38853e-07	
185.000000	0.000371592	185.000000	0.000427585	185.000000	0.000424576	185.000000	0.000424282	185.000000	0.00042745	185.000000	1.35381e-07	
190.000000	0.00036533	190.000000	0.000420184	190.000000	0.000417167	190.000000	0.000416879	190.000000	0.000420052	190.000000	1.32083e-07	
195.000000	0.00035937	195.000000	0.000413148	195.000000	0.000410122	195.000000	0.000409842	195.000000	0.000413019	195.000000	1.28948e-07	
200.000000	0.000353692	200.000000	0.000406453	200.000000	0.000403419	200.000000	0.000403147	200.000000	0.000406327	200.000000	1.25964e-07	
210.000000	0.000343103	210.000000	0.000393986	210.000000	0.000390989	210.000000	0.000390685	210.000000	0.000393866	210.000000	1.20405e-07	
220.000000	0.000333424	220.000000	0.000382618	220.000000	0.000379628	220.000000	0.000379325	220.000000	0.000382502	220.000000	1.15332e-07	
230.000000	0.000324543	230.000000	0.000372208	230.000000	0.000369219	230.000000	0.000368928	230.000000	0.000372098	230.000000	1.10683e-07	
240.000000	0.000316365	240.000000	0.000362643	240.000000	0.000359661	240.000000	0.000359378	240.000000	0.000362536	240.000000	1.06406e-07	
250.000000	0.000308808	250.000000	0.000353822	250.000000	0.000350851	250.000000	0.000350576	250.000000	0.00035372	250.000000	1.02459e-07	
260.000000	0.000301804	260.000000	0.000345664	260.000000	0.000342707	260.000000	0.00034244	260.000000	0.000345565	260.000000	9.88032e-08	
270.000000	0.000295294	270.000000	0.000338096	270.000000	0.000335157	270.000000	0.000334896	270.000000	0.000338001	270.000000	9.54081e-08	
280.000000	0.000289229	280.000000	0.000331058	280.000000	0.00032814	280.000000	0.000327885	280.000000	0.000330966	280.000000	9.22462e-08	
290.000000	0.000283563	290.000000	0.000324497	290.000000	0.000321597	290.000000	0.000321352	290.000000	0.000324407	290.000000	8.92941e-08	
300.000000	0.00027826	300.000000	0.000318366	300.000000	0.000315508	300.000000	0.000315252	300.000000	0.000318279	300.000000	8.65313e-08	
310.000000	0.000273285	310.000000	0.000312625	310.000000	0.000309816	310.000000	0.000309542	310.000000	0.000312541	310.000000	8.39399e-08	
320.000000	0.000268609	320.000000	0.000307238	320.000000	0.000304457	320.000000	0.000304189	320.000000	0.000307156	320.000000	8.15044e-08	
330.000000	0.000264206	330.000000	0.000302175	330.000000	0.00029942	330.000000	0.00029916	330.000000	0.000302095	330.000000	7.92108e-08	
340.000000	0.000260053	340.000000	0.000297407	340.000000	0.000294684	340.000000	0.000294427	340.000000	0.00029733	340.000000	7.70471e-08	
350.000000	0.00025613	350.000000	0.00029291	350.000000	0.000290219	350.000000	0.000289967	350.000000	0.000292835	350.000000	7.50024e-08	
360.000000	0.000252418	360.000000	0.000288663	360.000000	0.000286004	360.000000	0.000285756	360.000000	0.00028859	360.000000	7.30669e-08	
370.000000	0.000248902	370.000000	0.000284645	370.000000	0.000281993	370.000000	0.00028175	370.000000	0.000284574	370.000000	7.12321e-08	
380.000000	0.000245566	380.000000	0.000280839	380.000000	0.000278197	380.000000	0.000277957	380.000000	0.00028077	380.000000	6.94903e-08	
390.000000	0.000242398	390.000000	0.00027723	390.000000	0.000274597	390.000000	0.000274361	390.000000	0.000277162	390.000000	6.78344e-08	
400.000000	0.000239385	400.000000	0.000273802	400.000000	0.000271181	400.000000	0.000270949	400.000000	0.000273736	400.000000	6.62582e-08	
410.000000	0.000236516	410.000000	0.000270543	410.000000	0.000267936	410.000000	0.000267706	410.000000	0.000270478	410.000000	6.4756e-08	
420.000000	0.000233782	420.000000	0.000267442	420.000000	0.000264849	420.000000	0.000264622	420.000000	0.000267378	420.000000	6.33227e-08	
430.000000	0.000231174	430.000000	0.000264487	430.000000	0.000261908	430.000000	0.000261685	430.000000	0.000264425	430.000000	6.19535e-08	
440.000000	0.000228683	440.000000	0.000261669	440.000000	0.000259103	440.000000	0.000258885	440.000000	0.000261608	440.000000	6.06443e-08	
450.000000	0.000226303	450.000000	0.000258978	450.000000	0.00025643	450.000000	0.000256214	450.000000	0.000258919	450.000000	5.9391e-08	
460.000000	0.000224026	460.000000	0.000256408	460.000000	0.000253886	460.000000	0.000253663	460.000000	0.00025635	460.000000	5.81903e-08	
470.000000	0.000221845	470.000000	0.000253951	470.000000	0.000251458	470.000000	0.000251225	470.000000	0.000253894	470.000000	5.70387e-08	
480.000000	0.000219757	480.000000	0.000251599	480.000000	0.000249132	480.000000	0.000248893	480.000000	0.000251543	480.000000	5.59333e-08	
490.000000	0.000217754	490.000000	0.000249346	490.000000	0.000246897	490.000000	0.000246661	490.000000	0.000249291	490.000000	5.48714e-08	
500.000000	0.000215832	500.000000	0.000247187	500.000000	0.000244754	500.000000	0.000244522	500.000000	0.000247133	500.000000	5.38503e-08	
520.000000	0.000212214	520.000000	0.000243129	520.000000	0.00024073	520.000000	0.000240503	520.000000	0.000243077	520.000000	5.19218e-08	
540.000000	0.000208871	540.000000	0.000239386	540.000000	0.000237023	540.000000	0.0002368	540.000000	0.000239336	540.000000	5.01309e-08	
560.000000	0.000205773	560.000000	0.000235925	560.000000	0.000233597	560.000000	0.000233377	560.000000	0.000235876	560.000000	4.84633e-08	
580.000000	0.000202898	580.000000	0.000232718	580.000000	0.000230423	580.000000	0.000230208	580.000000	0.000232671	580.000000	4.69065e-08	
600.000000	0.000200223	600.000000	0.00022974	600.000000	0.000227478	600.000000	0.000227265	600.000000	0.000229694	600.000000	4.54498e-08	
620.000000	0.000197731	620.000000	0.000226969	620.000000	0.000224738	620.000000	0.000224529	620.000000	0.000226925	620.000000	4.40836e-08	
640.000000	0.000195406	640.000000	0.000224388	640.000000	0.000222186	640.000000	0.000221979	640.000000	0.000224345	640.000000	4.27998e-08	
660.000000	0.000193232	660.000000	0.000221978	660.000000	0.000219802	660.000000	0.000219599	660.000000	0.000221936	660.000000	4.1591e-08	
680.000000	0.000191198	680.000000	0.000219725	680.000000	0.000217572	680.000000	0.000217374	680.000000	0.000219684	680.000000	4.04507e-08	
700.000000	0.000189291	700.000000	0.000217616	700.000000	0.00021549	700.000000	0.00021529	700.000000	0.000217577	700.000000	3.93733e-08	
720.000000	0.000187503	720.000000	0.000215639	720.000000	0.000213544	720.000000	0.000213335	720.000000	0.000215601	720.000000	3.83536e-08	
740.000000	0.000185823	740.000000	0.000213785	740.000000	0.000211716	740.000000	0.0002115	740.000000	0.000213747	740.000000	3.7387e-08	
760.000000	0.000184244	760.000000	0.000212042	760.000000	0.000209991	760.000000	0.000209775	760.000000	0.000212006	760.000000	3.64695e-08	
780.000000	0.000182758	780.000000	0.000210404	780.000000	0.000208363	780.000000	0.000208151	780.000000	0.000210368	780.000000	3.55973e-08	
800.000000	0.000181359	800.000000	0.000208862	800.000000	0.000206829	800.000000	0.00020662	800.000000	0.000208827	800.000000	3.47672e-08	
820.000000	0.000180041	820.000000	0.000207409	820.000000	0.000205383	820.000000	0.000205177	820.000000	0.000207375	820.000000	3.39762e-08	
840.000000	0.000178798	840.000000	0.00020604	840.000000	0.000204018	840.000000	0.000203813	840.000000	0.000206007	840.000000	3.32214e-08	
860.000000	0.000177625	860.000000	0.000204749	860.000000	0.000202728	860.000000	0.000202524	860.000000	0.000204716	860.000000	3.25006e-08	
880.000000	0.000176518	880.000000	0.000203529	880.000000	0.000201507	880.000000	0.000201305	880.000000	0.000203498	880.000000	3.18113e-08	
900.000000	0.000175473	900.000000	0.000202378	900.000000	0.000200351	900.000000	0.00020015	900.000000	0.000202347	900.000000	3.11516e-08	
920.000000	0.000174485	920.000000	0.00020129	920.000000	0.000199255	920.000000	0.000199056	920.000000	0.000201259	920.000000	3.05196e-08	
940.000000	0.000173552	940.000000	0.000200261	940.000000	0.000198216	940.000000	0.000198018	940.000000	0.000200231	940.000000	2.99135e-08	
960.000000	0.000172671	960.000000	0.000199288	960.000000	0.00019723	960.000000	0.000197034	960.000000	0.000199259	960.000000	2.93317e-08	
980.000000	0.000171837	980.000000	0.000198368	980.000000	0.000196293	980.000000	0.000196098	980.000000	0.000198339	980.000000	2.87729e-08	
1000.000000	0.000171049	1000.000000	0.000197497	1000.000000	0.000195403	1000.000000	0.00019521	1000.000000	0.000197468	1000.000000	2.82357e-08	
1020.000000	0.000170304	1020.000000	0.000196672	1020.000000	0.000194557	1020.000000	0.000194365	1020.000000	0.000196644	1020.000000	2.77187e-08	
1040.000000	0.0001696	1040.000000	0.000195891	1040.000000	0.000193752	1040.000000	0.000193561	1040.000000	0.000195864	1040.000000	2.7221e-08	
1060.000000	0.000168934	1060.000000	0.000195152	1060.000000	0.000192986	1060.000000	0.000192796	1060.000000	0.000195126	1060.000000	2.67413e-08	
1080.000000	0.000168305	1080.000000	0.000194452	1080.000000	0.000192256	1080.000000	0.000192067	1080.000000	0.000194426	1080.000000	2.62789e-08	
1100.000000	0.00016771	1100.000000	0.00019379	1100.000000	0.00019156	1100.000000	0.000191372	1100.000000	0.000193764	1100.000000	2.58326e-08	
1120.000000	0.000167148	1120.000000	0.000193162	1120.000000	0.000190897	1120.000000	0.00019071	1120.000000	0.000193136	1120.000000	2.54017e-08	
1140.000000	0.000166618	1140.000000	0.000192568	1140.000000	0.000190265	1140.000000	0.000190079	1140.000000	0.000192543	1140.000000	2.49854e-08	
1160.000000	0.000166117	1160.000000	0.000192005	1160.000000	0.000189662	1160.000000	0.000189476	1160.000000	0.00019198	1160.000000	2.4583e-08	
1180.000000	0.000165645	1180.000000	0.000191472	1180.000000	0.000189086	1180.000000	0.000188901	1180.000000	0.000191448	1180.000000	2.41937e-08	
1200.000000	0.000165199	1200.000000	0.000190968	1200.000000	0.000188536	1200.000000	0.000188352	1200.000000	0.000190944	1200.000000	2.3817e-08	
1220.000000	0.00016478	1220.000000	0.000190492	1220.000000	0.00018801	1220.000000	0.000187827	1220.000000	0.000190468	1220.000000	2.34521e-08	
1240.000000	0.000164385	1240.000000	0.000190041	1240.000000	0.000187507	1240.000000	0.000187326	1240.000000	0.000190018	1240.000000	2.30987e-08	
1260.000000	0.000164013	1260.000000	0.000189615	1260.000000	0.000187027	1260.000000	0.000186847	1260.000000	0.000189592	1260.000000	2.2756e-08	
1280.000000	0.000163664	1280.000000	0.000189212	1280.000000	0.000186568	1280.000000	0.00018639	1280.000000	0.00018919	1280.000000	2.24237e-08	
1300.000000	0.000163337	1300.000000	0.000188832	1300.000000	0.000186131	1300.000000	0.000185952	1300.000000	0.00018881	1300.000000	2.21013e-08	
1320.000000	0.00016303	1320.000000	0.000188474	1320.000000	0.000185713	1320.000000	0.000185533	1320.000000	0.000188452	1320.000000	2.17883e-08	
1340.000000	0.000162743	1340.000000	0.000188136	1340.000000	0.000185314	1340.000000	0.000185132	1340.000000	0.000188114	1340.000000	2.14843e-08	
1360.000000	0.000162475	1360.000000	0.000187817	1360.000000	0.000184933	1360.000000	0.000184749	1360.000000	0.000187796	1360.000000	2.1189e-08	
1380.000000	0.000162225	1380.000000	0.000187518	1380.000000	0.000184569	1380.000000	0.000184382	1380.000000	0.000187497	1380.000000	2.09019e-08	
1400.000000	0.000161993	1400.000000	0.000187236	1400.000000	0.00018422	1400.000000	0.000184031	1400.000000	0.000187216	1400.000000	2.06227e-08	
1420.000000	0.000161777	1420.000000	0.000186972	1420.000000	0.000183886	1420.000000	0.000183695	1420.000000	0.000186952	1420.000000	2.03511e-08	
1440.000000	0.000161577	1440.000000	0.000186725	1440.000000	0.000183566	1440.000000	0.000183373	1440.000000	0.000186704	1440.000000	2.00868e-08	
1460.000000	0.000161393	1460.000000	0.000186493	1460.000000	0.000183258	1460.000000	0.000183065	1460.000000	0.000186473	1460.000000	1.98295e-08	
1480.000000	0.000161224	1480.000000	0.000186276	1480.000000	0.000182963	1480.000000	0.00018277	1480.000000	0.000186257	1480.000000	1.9579e-08	
1500.000000	0.00016107	1500.000000	0.000186075	1500.000000	0.00018268	1500.000000	0.000182487	1500.000000	0.000186055	1500.000000	1.93348e-08	
1520.000000	0.000160929	1520.000000	0.000185887	1520.000000	0.000182409	1520.000000	0.000182216	1520.000000	0.000185868	1520.000000	1.90969e-08	
1540.000000	0.000160801	1540.000000	0.000185713	1540.000000	0.000182149	1540.000000	0.000181957	1540.000000	0.000185694	1540.000000	1.88649e-08	
1560.000000	0.000160687	1560.000000	0.000185552	1560.000000	0.0001819	1560.000000	0.000181709	1560.000000	0.000185533	1560.000000	1.86387e-08	
1580.000000	0.000160584	1580.000000	0.000185403	1580.000000	0.000181661	1580.000000	0.000181471	1580.000000	0.000185385	1580.000000	1.8418e-08	
1600.000000	0.000160494	1600.000000	0.000185267	1600.000000	0.000181432	1600.000000	0.000181243	1600.000000	0.000185248	1600.000000	1.82027e-08	
1620.000000	0.000160416	1620.000000	0.000185142	1620.000000	0.000181213	1620.000000	0.000181025	1620.000000	0.000185124	1620.000000	1.79924e-08	
1640.000000	0.000160349	1640.000000	0.000185028	1640.000000	0.000181004	1640.000000	0.000180816	1640.000000	0.00018501	1640.000000	1.77872e-08	
1660.000000	0.000160292	1660.000000	0.000184925	1660.000000	0.000180803	1660.000000	0.000180616	1660.000000	0.000184908	1660.000000	1.75867e-08	
1680.000000	0.000160246	1680.000000	0.000184833	1680.000000	0.000180611	1680.000000	0.000180424	1680.000000	0.000184815	1680.000000	1.73908e-08	
1700.000000	0.00016021	1700.000000	0.000184751	1700.000000	0.000180427	1700.000000	0.000180241	1700.000000	0.000184733	1700.000000	1.71993e-08	
1750.000000	0.000160163	1750.000000	0.000184587	1750.000000	0.000180002	1750.000000	0.000179816	1750.000000	0.00018457	1750.000000	1.67392e-08	
1800.000000	0.000160173	1800.000000	0.000184478	1800.000000	0.000179621	1800.000000	0.000179436	1800.000000	0.000184462	1800.000000	1.63039e-08	
1850.000000	0.000160235	1850.000000	0.000184421	1850.000000	0.00017928	1850.000000	0.000179096	1850.000000	0.000184405	1850.000000	1.58912e-08	
1900.000000	0.000160346	1900.000000	0.000184412	1900.000000	0.000178976	1900.000000	0.000178792	1900.000000	0.000184396	1900.000000	1.54996e-08	
1950.000000	0.000160503	1950.000000	0.000184446	1950.000000	0.000178705	1950.000000	0.000178522	1950.000000	0.00018443	1950.000000	1.51273e-08	
2000.000000	0.000160702	2000.000000	0.00018452	2000.000000	0.000178465	2000.000000	0.000178283	2000.000000	0.000184505	2000.000000	1.47731e-08	
2100.000000	0.000161216	2100.000000	0.000184778	2100.000000	0.000178065	2100.000000	0.000177885	2100.000000	0.000184764	2100.000000	1.41135e-08	
2200.000000	0.000161871	2200.000000	0.000185166	2200.000000	0.00017776	2200.000000	0.000177581	2200.000000	0.000185153	2200.000000	1.3512e-08	
2300.000000	0.000162648	2300.000000	0.000185667	2300.000000	0.000177534	2300.000000	0.000177355	2300.000000	0.000185654	2300.000000	1.2961e-08	
2400.000000	0.000163536	2400.000000	0.000186266	2400.000000	0.000177374	2400.000000	0.000177197	2400.000000	0.000186254	2400.000000	1.24545e-08	
2500.000000	0.000164522	2500.000000	0.000186952	2500.000000	0.000177272	2500.000000	0.000177095	2500.000000	0.00018694	2500.000000	1.19872e-08	
2600.000000	0.000165597	2600.000000	0.000187715	2600.000000	0.000177218	2600.000000	0.000177042	2600.000000	0.000187704	2600.000000	1.15547e-08	
2700.000000	0.000166753	2700.000000	0.000188546	2700.000000	0.000177206	2700.000000	0.000177031	2700.000000	0.000188535	2700.000000	1.11532e-08	
2800.000000	0.000167982	2800.000000	0.000189437	2800.000000	0.000177229	2800.000000	0.000177055	2800.000000	0.000189426	2800.000000	1.07794e-08	
2900.000000	0.000169278	2900.000000	0.000190383	2900.000000	0.000177283	2900.000000	0.00017711	2900.000000	0.000190372	2900.000000	1.04306e-08	
3000.000000	0.000170635	3000.000000	0.000191377	3000.000000	0.000177364	3000.000000	0.000177191	3000.000000	0.000191367	3000.000000	1.01042e-08	
