Energy (MeV/u)1	0 - [He-base] F.Hubert et al, AD&ND Tables 46(1990)1	Energy (MeV/u)2	1 - [H -base] J.F.Ziegler et al, Pergamon Press, NY (low energy)	Energy (MeV/u)3	2 - ATIMA 1.2  LS-theory (recommended for high energy)	Energy (MeV/u)4	3 - ATIMA 1.2  without LS-correction	Energy (MeV/u)5	4 - electrical component of [1] - J.F.Ziegler et al	Energy (MeV/u)6	5 - nuclear component of [1] - J.F.Ziegler et al	
0.001000	0.120926	0.001000	0.0219966	0.001000	0.0201617	0.001000	0.0201617	0.001000	0.0178752	0.001000	0.00412144	
0.002000	0.157852	0.002000	0.0350314	0.002000	0.0318561	0.002000	0.0318561	0.002000	0.0309332	0.002000	0.00409827	
0.005000	0.247117	0.005000	0.0641459	0.005000	0.0579254	0.005000	0.0579254	0.005000	0.0605959	0.005000	0.00355003	
0.008000	0.31343	0.008000	0.0860874	0.008000	0.0775672	0.008000	0.0775672	0.008000	0.0829977	0.008000	0.00308968	
0.010000	0.349754	0.010000	0.0984559	0.010000	0.0886413	0.010000	0.0886413	0.010000	0.095607	0.010000	0.00284883	
0.015000	0.446585	0.015000	0.125669	0.015000	0.112076	0.015000	0.112076	0.015000	0.123268	0.015000	0.00240095	
0.020000	0.52753	0.020000	0.14571	0.020000	0.131769	0.020000	0.131769	0.020000	0.14362	0.020000	0.00209048	
0.025000	0.596526	0.025000	0.163855	0.025000	0.149236	0.025000	0.149236	0.025000	0.161994	0.025000	0.00186092	
0.030000	0.655663	0.030000	0.180577	0.030000	0.179303	0.030000	0.179303	0.030000	0.178894	0.030000	0.00168317	
0.035000	0.706202	0.035000	0.195697	0.035000	0.199107	0.035000	0.199107	0.035000	0.194156	0.035000	0.00154079	
0.040000	0.749014	0.040000	0.209193	0.040000	0.212883	0.040000	0.212883	0.040000	0.207769	0.040000	0.00142374	
0.045000	0.784792	0.045000	0.22117	0.045000	0.223741	0.045000	0.223741	0.045000	0.219844	0.045000	0.00132553	
0.050000	0.814163	0.050000	0.231778	0.050000	0.233069	0.050000	0.233069	0.050000	0.230537	0.050000	0.00124175	
0.055000	0.837731	0.055000	0.241174	0.055000	0.241396	0.055000	0.241396	0.055000	0.240004	0.055000	0.0011693	
0.060000	0.856095	0.060000	0.249498	0.060000	0.248926	0.060000	0.248926	0.060000	0.248392	0.060000	0.00110592	
0.070000	0.879584	0.070000	0.263417	0.070000	0.261922	0.070000	0.261922	0.070000	0.262416	0.070000	0.00100008	
0.080000	0.889194	0.080000	0.274333	0.080000	0.272489	0.080000	0.272489	0.080000	0.273418	0.080000	0.00091492	
0.090000	0.888967	0.090000	0.282835	0.090000	0.28095	0.090000	0.28095	0.090000	0.281991	0.090000	0.000844709	
0.100000	0.882212	0.100000	0.289363	0.100000	0.287599	0.100000	0.287599	0.100000	0.288577	0.100000	0.000785681	
0.120000	0.858497	0.120000	0.297798	0.120000	0.296482	0.120000	0.296482	0.120000	0.297106	0.120000	0.000691628	
0.140000	0.830486	0.140000	0.301664	0.140000	0.300871	0.140000	0.300871	0.140000	0.30105	0.140000	0.000614036	
0.160000	0.803476	0.160000	0.302373	0.160000	0.302081	0.160000	0.302081	0.160000	0.301815	0.160000	0.000557659	
0.180000	0.779133	0.180000	0.300913	0.180000	0.301073	0.180000	0.301073	0.180000	0.300402	0.180000	0.000511673	
0.200000	0.757583	0.200000	0.297997	0.200000	0.29855	0.200000	0.29855	0.200000	0.297523	0.200000	0.000473369	
0.250000	0.713098	0.250000	0.28728	0.250000	0.288584	0.250000	0.288584	0.250000	0.286879	0.250000	0.000400488	
0.300000	0.676768	0.300000	0.274766	0.300000	0.276557	0.300000	0.276557	0.300000	0.274418	0.300000	0.000348579	
0.350000	0.644739	0.350000	0.262267	0.350000	0.264357	0.350000	0.264357	0.350000	0.261957	0.350000	0.000309536	
0.400000	0.615403	0.400000	0.250449	0.400000	0.252714	0.400000	0.252714	0.400000	0.25017	0.400000	0.000278995	
0.450000	0.588158	0.450000	0.23952	0.450000	0.241875	0.450000	0.241875	0.450000	0.239266	0.450000	0.000254386	
0.500000	0.562777	0.500000	0.229503	0.500000	0.231891	0.500000	0.231891	0.500000	0.229269	0.500000	0.000234092	
0.600000	0.517168	0.600000	0.211984	0.600000	0.214333	0.600000	0.214333	0.600000	0.211781	0.600000	0.000202496	
0.700000	0.477789	0.700000	0.197302	0.700000	0.199544	0.700000	0.199544	0.700000	0.197123	0.700000	0.000178945	
0.800000	0.443791	0.800000	0.184878	0.800000	0.186983	0.800000	0.186983	0.800000	0.184717	0.800000	0.000160653	
0.900000	0.414322	0.900000	0.174236	0.900000	0.176196	0.900000	0.176196	0.900000	0.17409	0.900000	0.000145998	
1.000000	0.388616	1.000000	0.16501	1.000000	0.166828	1.000000	0.166828	1.000000	0.164876	1.000000	0.00013397	
1.250000	0.336888	1.250000	0.146473	1.250000	0.147961	1.250000	0.147961	1.250000	0.146361	1.250000	0.000111535	
1.500000	0.297829	1.500000	0.132363	1.500000	0.133575	1.500000	0.133575	1.500000	0.132267	1.500000	9.59136e-05	
1.750000	0.267238	1.750000	0.121157	1.750000	0.122138	1.750000	0.122138	1.750000	0.121073	1.750000	8.43624e-05	
2.000000	0.242584	2.000000	0.111981	2.000000	0.112771	2.000000	0.112771	2.000000	0.111905	2.000000	7.54473e-05	
2.250000	0.222263	2.250000	0.104296	2.250000	0.104925	2.250000	0.104925	2.250000	0.104228	2.250000	6.83424e-05	
2.500000	0.201776	2.500000	0.0977485	2.500000	0.0982417	2.500000	0.0982417	2.500000	0.097686	2.500000	6.25372e-05	
3.000000	0.17612	3.000000	0.0871524	3.000000	0.0874303	3.000000	0.0874303	3.000000	0.0870988	3.000000	5.35982e-05	
3.500000	0.156671	3.500000	0.0789217	3.500000	0.0790386	3.500000	0.0790386	3.500000	0.0788747	3.500000	4.70167e-05	
4.000000	0.141376	4.000000	0.0723266	4.000000	0.07232	4.000000	0.07232	4.000000	0.0722846	4.000000	4.19547e-05	
4.500000	0.129005	4.500000	0.0669124	4.500000	0.0668089	4.500000	0.0668089	4.500000	0.0668745	4.500000	3.79321e-05	
5.000000	0.118775	5.000000	0.0623797	5.000000	0.0621989	5.000000	0.0621989	5.000000	0.0623451	5.000000	3.46534e-05	
5.500000	0.110164	5.500000	0.0585228	5.500000	0.0582793	5.500000	0.0582793	5.500000	0.0584909	5.500000	3.19262e-05	
6.000000	0.102808	6.000000	0.0551958	6.000000	0.0549009	6.000000	0.0549009	6.000000	0.0551662	6.000000	2.96198e-05	
6.500000	0.0964458	6.500000	0.0522923	6.500000	0.0519546	6.500000	0.0519546	6.500000	0.0522646	6.500000	2.7642e-05	
7.000000	0.0908847	7.000000	0.0497327	7.000000	0.0493592	7.000000	0.0493592	7.000000	0.0497067	7.000000	2.59261e-05	
7.500000	0.0859794	7.500000	0.0474565	7.500000	0.0470529	7.500000	0.0470529	7.500000	0.0474321	7.500000	2.44223e-05	
8.000000	0.0816179	8.000000	0.0454169	8.000000	0.0449877	8.000000	0.0449877	8.000000	0.0453938	8.000000	2.30929e-05	
8.500000	0.0777129	8.500000	0.043577	8.500000	0.0431259	8.500000	0.0431259	8.500000	0.0435551	8.500000	2.19086e-05	
9.000000	0.0741949	9.000000	0.0419072	9.000000	0.0414373	9.000000	0.0414373	9.000000	0.0418864	9.000000	2.08465e-05	
9.500000	0.0710079	9.500000	0.0403838	9.500000	0.0398977	9.500000	0.0398977	9.500000	0.0403639	9.500000	1.98883e-05	
10.000000	0.0681063	10.000000	0.0392455	10.000000	0.0384872	10.000000	0.0384872	10.000000	0.0392265	10.000000	1.90191e-05	
11.000000	0.0630161	11.000000	0.0369905	11.000000	0.0360787	11.000000	0.036082	11.000000	0.036973	11.000000	1.75017e-05	
12.000000	0.0586934	12.000000	0.0349785	12.000000	0.0340023	12.000000	0.0340079	12.000000	0.0349622	12.000000	1.62202e-05	
13.000000	0.0549737	13.000000	0.0331776	13.000000	0.0321913	13.000000	0.0321976	13.000000	0.0331625	13.000000	1.51229e-05	
14.000000	0.0517371	14.000000	0.0315593	14.000000	0.0305952	14.000000	0.0306011	14.000000	0.0315451	14.000000	1.41719e-05	
15.000000	0.0488935	15.000000	0.0300988	15.000000	0.0291751	15.000000	0.0291809	15.000000	0.0300855	15.000000	1.33394e-05	
16.000000	0.0463742	16.000000	0.0287751	16.000000	0.0279024	16.000000	0.0279081	16.000000	0.0287625	16.000000	1.26042e-05	
17.000000	0.0441259	17.000000	0.0275705	17.000000	0.0267547	17.000000	0.0267597	17.000000	0.0275586	17.000000	1.19498e-05	
18.000000	0.0421061	18.000000	0.02647	18.000000	0.0257138	18.000000	0.0257175	18.000000	0.0264586	18.000000	1.13635e-05	
19.000000	0.0402813	19.000000	0.0254608	19.000000	0.0247641	19.000000	0.0247669	19.000000	0.02545	19.000000	1.08349e-05	
20.000000	0.0386238	20.000000	0.0245322	20.000000	0.0238929	20.000000	0.0238957	20.000000	0.0245218	20.000000	1.03558e-05	
21.000000	0.0371114	21.000000	0.0236749	21.000000	0.0230899	21.000000	0.0230929	21.000000	0.023665	21.000000	9.91936e-06	
22.000000	0.0357253	22.000000	0.0228811	22.000000	0.0223489	22.000000	0.0223512	22.000000	0.0228716	22.000000	9.52011e-06	
23.000000	0.0344502	23.000000	0.022144	23.000000	0.0216642	23.000000	0.0216648	23.000000	0.0221348	23.000000	9.15338e-06	
24.000000	0.033273	24.000000	0.0214577	24.000000	0.0210276	24.000000	0.0210267	24.000000	0.0214489	24.000000	8.81529e-06	
25.000000	0.0321826	25.000000	0.0208172	25.000000	0.020434	25.000000	0.0204316	25.000000	0.0208087	25.000000	8.50255e-06	
27.000000	0.0302257	27.000000	0.0196561	27.000000	0.0193599	27.000000	0.019354	27.000000	0.0196482	27.000000	7.94233e-06	
29.000000	0.0285188	29.000000	0.0186314	29.000000	0.0184108	29.000000	0.0184035	29.000000	0.018624	29.000000	7.45474e-06	
31.000000	0.027016	31.000000	0.0177203	31.000000	0.0175431	31.000000	0.0175354	31.000000	0.0177133	31.000000	7.02632e-06	
33.000000	0.0256821	33.000000	0.0169047	33.000000	0.0167477	33.000000	0.0167376	33.000000	0.0168981	33.000000	6.64674e-06	
35.000000	0.0244898	35.000000	0.0161703	35.000000	0.0160296	35.000000	0.01602	35.000000	0.016164	35.000000	6.30797e-06	
38.000000	0.02292	38.000000	0.0151959	38.000000	0.0150799	38.000000	0.0150687	38.000000	0.0151901	38.000000	5.86282e-06	
41.000000	0.0215641	41.000000	0.0143477	41.000000	0.0142522	41.000000	0.0142408	41.000000	0.0143422	41.000000	5.47908e-06	
44.000000	0.0203804	44.000000	0.0136022	44.000000	0.0135231	44.000000	0.0135129	44.000000	0.0135971	44.000000	5.1447e-06	
47.000000	0.0193374	47.000000	0.0129419	47.000000	0.0128792	47.000000	0.0128677	47.000000	0.012937	47.000000	4.85058e-06	
50.000000	0.018411	50.000000	0.0123527	50.000000	0.0123031	50.000000	0.0122915	50.000000	0.0123481	50.000000	4.58976e-06	
55.000000	0.0170766	55.000000	0.0114997	55.000000	0.0114687	55.000000	0.0114561	55.000000	0.0114955	55.000000	4.21482e-06	
60.000000	0.01595	60.000000	0.010776	60.000000	0.0107574	60.000000	0.0107458	60.000000	0.0107721	60.000000	3.89899e-06	
65.000000	0.0149852	65.000000	0.010154	65.000000	0.0101459	65.000000	0.0101339	65.000000	0.0101504	65.000000	3.62914e-06	
70.000000	0.0141491	70.000000	0.00961335	70.000000	0.00961311	70.000000	0.00960102	70.000000	0.00960995	70.000000	3.39576e-06	
75.000000	0.013417	75.000000	0.00913898	75.000000	0.00914356	75.000000	0.00913243	75.000000	0.00913579	75.000000	3.19184e-06	
80.000000	0.0127703	80.000000	0.00871928	80.000000	0.00872911	80.000000	0.00871701	80.000000	0.00871627	80.000000	3.01205e-06	
85.000000	0.0121946	85.000000	0.00834523	85.000000	0.00835753	85.000000	0.00834605	85.000000	0.00834237	85.000000	2.85228e-06	
90.000000	0.0116785	90.000000	0.00800968	90.000000	0.00802365	90.000000	0.00801267	90.000000	0.00800697	90.000000	2.70933e-06	
95.000000	0.0112131	95.000000	0.00770693	95.000000	0.00772312	95.000000	0.00771137	95.000000	0.00770435	95.000000	2.58063e-06	
100.000000	0.010791	100.000000	0.00743235	100.000000	0.0074489	100.000000	0.00743766	100.000000	0.00742989	100.000000	2.46412e-06	
105.000000	0.0104063	105.000000	0.00718215	105.000000	0.00719866	105.000000	0.00718788	105.000000	0.00717979	105.000000	2.35813e-06	
110.000000	0.0100542	110.000000	0.00695319	110.000000	0.00696923	110.000000	0.00695898	110.000000	0.00695093	110.000000	2.26126e-06	
115.000000	0.00973062	115.000000	0.00674286	115.000000	0.00675906	115.000000	0.00674844	115.000000	0.00674069	115.000000	2.17239e-06	
120.000000	0.00943209	120.000000	0.00654895	120.000000	0.00656493	120.000000	0.00655409	120.000000	0.00654686	120.000000	2.09053e-06	
125.000000	0.00915577	125.000000	0.0063696	125.000000	0.00638442	125.000000	0.00637414	125.000000	0.00636759	125.000000	2.01488e-06	
130.000000	0.0088992	130.000000	0.00620321	130.000000	0.006217	130.000000	0.00620702	130.000000	0.00620127	130.000000	1.94475e-06	
135.000000	0.0086603	135.000000	0.00604843	135.000000	0.00606183	135.000000	0.0060514	135.000000	0.00604655	135.000000	1.87955e-06	
140.000000	0.00843723	140.000000	0.00590406	140.000000	0.0059166	140.000000	0.00590613	140.000000	0.00590224	140.000000	1.81877e-06	
145.000000	0.00822845	145.000000	0.00576909	145.000000	0.00578028	145.000000	0.00577021	145.000000	0.00576733	145.000000	1.76196e-06	
150.000000	0.00803259	150.000000	0.00564262	150.000000	0.00565257	150.000000	0.00564275	150.000000	0.00564091	150.000000	1.70875e-06	
155.000000	0.00775682	155.000000	0.00552387	155.000000	0.00553247	155.000000	0.00552299	155.000000	0.00552221	155.000000	1.65879e-06	
160.000000	0.00759517	160.000000	0.00541215	160.000000	0.00541965	160.000000	0.00541025	160.000000	0.00541054	160.000000	1.6118e-06	
165.000000	0.00744274	165.000000	0.00530686	165.000000	0.00531368	165.000000	0.00530393	165.000000	0.00530529	165.000000	1.56751e-06	
170.000000	0.00729875	170.000000	0.00520744	170.000000	0.00521328	170.000000	0.00520349	170.000000	0.00520592	170.000000	1.52569e-06	
175.000000	0.0071625	175.000000	0.00511343	175.000000	0.00511796	175.000000	0.00510847	175.000000	0.00511194	175.000000	1.48615e-06	
180.000000	0.00703339	180.000000	0.00502439	180.000000	0.00502773	180.000000	0.00501844	180.000000	0.00502294	180.000000	1.44869e-06	
185.000000	0.00691084	185.000000	0.00493993	185.000000	0.00494209	185.000000	0.00493301	185.000000	0.00493852	185.000000	1.41315e-06	
190.000000	0.00679438	190.000000	0.00485972	190.000000	0.00486069	190.000000	0.00485185	190.000000	0.00485834	190.000000	1.37939e-06	
195.000000	0.00668355	195.000000	0.00478343	195.000000	0.00478352	195.000000	0.00477464	195.000000	0.00478209	195.000000	1.34727e-06	
200.000000	0.00657795	200.000000	0.0047108	200.000000	0.00471026	200.000000	0.00470111	200.000000	0.00470948	200.000000	1.31668e-06	
210.000000	0.006381	210.000000	0.00457547	210.000000	0.00457305	210.000000	0.00456407	210.000000	0.00457421	210.000000	1.25965e-06	
220.000000	0.006201	220.000000	0.00445196	220.000000	0.00444763	220.000000	0.00443896	220.000000	0.00445075	220.000000	1.20756e-06	
230.000000	0.00603584	230.000000	0.00433878	230.000000	0.00433264	230.000000	0.00432431	230.000000	0.00433762	230.000000	1.15978e-06	
240.000000	0.00588373	240.000000	0.00423471	240.000000	0.00422743	240.000000	0.00421887	240.000000	0.00423359	240.000000	1.11578e-06	
250.000000	0.00574319	250.000000	0.00413869	250.000000	0.00413018	250.000000	0.00412161	250.000000	0.00413761	250.000000	1.07514e-06	
260.000000	0.00561293	260.000000	0.00404982	260.000000	0.00403989	260.000000	0.0040316	260.000000	0.00404878	260.000000	1.03747e-06	
270.000000	0.00549187	270.000000	0.00396735	270.000000	0.00395617	270.000000	0.0039481	270.000000	0.00396635	270.000000	1.00246e-06	
280.000000	0.00537906	280.000000	0.00389061	280.000000	0.0038783	280.000000	0.00387044	280.000000	0.00388964	280.000000	9.69827e-07	
290.000000	0.00527369	290.000000	0.00381904	290.000000	0.00380613	290.000000	0.00379803	290.000000	0.0038181	290.000000	9.39339e-07	
300.000000	0.00517506	300.000000	0.00375214	300.000000	0.00373851	300.000000	0.00373038	300.000000	0.00375123	300.000000	9.10787e-07	
310.000000	0.00508253	310.000000	0.00368947	310.000000	0.00367495	310.000000	0.00366705	310.000000	0.00368858	310.000000	8.83989e-07	
320.000000	0.00499556	320.000000	0.00363065	320.000000	0.0036154	320.000000	0.00360765	320.000000	0.00362979	320.000000	8.58787e-07	
330.000000	0.00491368	330.000000	0.00357534	330.000000	0.00355939	330.000000	0.00355184	330.000000	0.0035745	330.000000	8.3504e-07	
340.000000	0.00483645	340.000000	0.00352325	340.000000	0.00350679	340.000000	0.00349931	340.000000	0.00352243	340.000000	8.12624e-07	
350.000000	0.00476349	350.000000	0.0034741	350.000000	0.00345747	350.000000	0.0034498	350.000000	0.00347331	350.000000	7.91428e-07	
360.000000	0.00469446	360.000000	0.00342767	360.000000	0.00341079	360.000000	0.00340306	360.000000	0.0034269	360.000000	7.71355e-07	
370.000000	0.00462907	370.000000	0.00338374	370.000000	0.00336644	370.000000	0.00335888	370.000000	0.00338299	370.000000	7.52315e-07	
380.000000	0.00456703	380.000000	0.00334212	380.000000	0.00332449	380.000000	0.00331706	380.000000	0.00334139	380.000000	7.34231e-07	
390.000000	0.0045081	390.000000	0.00330264	390.000000	0.00328475	390.000000	0.00327742	390.000000	0.00330192	390.000000	7.17031e-07	
400.000000	0.00445206	400.000000	0.00326514	400.000000	0.003247	400.000000	0.00323982	400.000000	0.00326444	400.000000	7.00651e-07	
410.000000	0.00439871	410.000000	0.00322948	410.000000	0.00321121	410.000000	0.0032041	410.000000	0.0032288	410.000000	6.85032e-07	
420.000000	0.00434786	420.000000	0.00319554	420.000000	0.00317735	420.000000	0.00317014	420.000000	0.00319487	420.000000	6.70123e-07	
430.000000	0.00429935	430.000000	0.0031632	430.000000	0.00314515	430.000000	0.00313781	430.000000	0.00316255	430.000000	6.55875e-07	
440.000000	0.00425303	440.000000	0.00313236	440.000000	0.00311433	440.000000	0.00310702	440.000000	0.00313171	440.000000	6.42244e-07	
450.000000	0.00420876	450.000000	0.00310291	450.000000	0.00308484	450.000000	0.00307765	450.000000	0.00310228	450.000000	6.29191e-07	
460.000000	0.00416641	460.000000	0.00307477	460.000000	0.00305672	460.000000	0.00304963	460.000000	0.00307416	460.000000	6.1668e-07	
470.000000	0.00412587	470.000000	0.00304787	470.000000	0.00302987	470.000000	0.00302286	470.000000	0.00304726	470.000000	6.04676e-07	
480.000000	0.00408702	480.000000	0.00302211	480.000000	0.00300426	480.000000	0.00299734	480.000000	0.00302152	480.000000	5.9315e-07	
490.000000	0.00404977	490.000000	0.00299745	490.000000	0.0029798	490.000000	0.00297298	490.000000	0.00299687	490.000000	5.82072e-07	
500.000000	0.00401403	500.000000	0.00297381	500.000000	0.00295644	500.000000	0.00294966	500.000000	0.00297324	500.000000	5.71417e-07	
520.000000	0.00394675	520.000000	0.00292937	520.000000	0.00291282	520.000000	0.00290588	520.000000	0.00292881	520.000000	5.51281e-07	
540.000000	0.00388456	540.000000	0.00288837	540.000000	0.00287254	540.000000	0.00286559	540.000000	0.00288784	540.000000	5.3257e-07	
560.000000	0.00382696	560.000000	0.00285047	560.000000	0.0028352	560.000000	0.0028284	560.000000	0.00284996	560.000000	5.15135e-07	
580.000000	0.00377348	580.000000	0.00281535	580.000000	0.00280071	580.000000	0.00279402	580.000000	0.00281485	580.000000	4.98849e-07	
600.000000	0.00372374	600.000000	0.00278274	600.000000	0.00276872	600.000000	0.00276216	600.000000	0.00278226	600.000000	4.836e-07	
620.000000	0.0036774	620.000000	0.00275241	620.000000	0.00273906	620.000000	0.00273259	620.000000	0.00275194	620.000000	4.69292e-07	
640.000000	0.00363414	640.000000	0.00272414	640.000000	0.00271167	640.000000	0.00270509	640.000000	0.00272368	640.000000	4.55838e-07	
660.000000	0.00359372	660.000000	0.00269776	660.000000	0.00268615	660.000000	0.00267948	660.000000	0.00269732	660.000000	4.43163e-07	
680.000000	0.00355588	680.000000	0.0026731	680.000000	0.00266218	680.000000	0.00265559	680.000000	0.00267267	680.000000	4.312e-07	
700.000000	0.00352043	700.000000	0.00265002	700.000000	0.00263976	700.000000	0.00263327	700.000000	0.0026496	700.000000	4.19891e-07	
720.000000	0.00348716	720.000000	0.0026284	720.000000	0.00261882	720.000000	0.0026124	720.000000	0.00262799	720.000000	4.09183e-07	
740.000000	0.00345592	740.000000	0.00260811	740.000000	0.0025992	740.000000	0.00259286	740.000000	0.00260771	740.000000	3.99028e-07	
760.000000	0.00342655	760.000000	0.00258906	760.000000	0.00258079	760.000000	0.00257454	760.000000	0.00258867	760.000000	3.89384e-07	
780.000000	0.00339892	780.000000	0.00257115	780.000000	0.00256355	780.000000	0.00255735	780.000000	0.00257077	780.000000	3.80213e-07	
800.000000	0.0033729	800.000000	0.0025543	800.000000	0.00254745	800.000000	0.00254121	800.000000	0.00255393	800.000000	3.71481e-07	
820.000000	0.00334838	820.000000	0.00253843	820.000000	0.00253236	820.000000	0.00252603	820.000000	0.00253807	820.000000	3.63155e-07	
840.000000	0.00332526	840.000000	0.00252348	840.000000	0.00251812	840.000000	0.00251174	840.000000	0.00252313	840.000000	3.55209e-07	
860.000000	0.00330346	860.000000	0.00250938	860.000000	0.00250464	860.000000	0.00249829	860.000000	0.00250904	860.000000	3.47617e-07	
880.000000	0.00328287	880.000000	0.00249608	880.000000	0.0024919	880.000000	0.00248562	880.000000	0.00249574	880.000000	3.40354e-07	
900.000000	0.00326343	900.000000	0.00248352	900.000000	0.00247988	900.000000	0.00247367	900.000000	0.00248319	900.000000	3.334e-07	
920.000000	0.00324507	920.000000	0.00247166	920.000000	0.00246855	920.000000	0.00246239	920.000000	0.00247134	920.000000	3.26736e-07	
940.000000	0.00322772	940.000000	0.00246046	940.000000	0.00245786	940.000000	0.00245175	940.000000	0.00246014	940.000000	3.20343e-07	
960.000000	0.00321132	960.000000	0.00244986	960.000000	0.00244777	960.000000	0.00244169	960.000000	0.00244955	960.000000	3.14204e-07	
980.000000	0.00319582	980.000000	0.00243985	980.000000	0.00243824	980.000000	0.00243219	980.000000	0.00243954	980.000000	3.08306e-07	
1000.000000	0.00318116	1000.000000	0.00243037	1000.000000	0.00242922	1000.000000	0.0024232	1000.000000	0.00243007	1000.000000	3.02633e-07	
1020.000000	0.00316731	1020.000000	0.00242141	1020.000000	0.00242068	1020.000000	0.00241471	1020.000000	0.00242112	1020.000000	2.97173e-07	
1040.000000	0.00315421	1040.000000	0.00241294	1040.000000	0.00241259	1040.000000	0.00240667	1040.000000	0.00241264	1040.000000	2.91914e-07	
1060.000000	0.00314182	1060.000000	0.00240492	1060.000000	0.00240493	1060.000000	0.00239906	1060.000000	0.00240463	1060.000000	2.86845e-07	
1080.000000	0.00313012	1080.000000	0.00239733	1080.000000	0.00239768	1080.000000	0.00239185	1080.000000	0.00239704	1080.000000	2.81955e-07	
1100.000000	0.00311906	1100.000000	0.00239015	1100.000000	0.00239084	1100.000000	0.00238503	1100.000000	0.00238987	1100.000000	2.77236e-07	
1120.000000	0.00310861	1120.000000	0.00238335	1120.000000	0.00238439	1120.000000	0.00237856	1120.000000	0.00238308	1120.000000	2.72678e-07	
1140.000000	0.00309875	1140.000000	0.00237693	1140.000000	0.0023783	1140.000000	0.00237244	1140.000000	0.00237666	1140.000000	2.68274e-07	
1160.000000	0.00308944	1160.000000	0.00237085	1160.000000	0.00237254	1160.000000	0.00236664	1160.000000	0.00237059	1160.000000	2.64014e-07	
1180.000000	0.00308065	1180.000000	0.00236511	1180.000000	0.00236709	1180.000000	0.00236114	1180.000000	0.00236485	1180.000000	2.59893e-07	
1200.000000	0.00307237	1200.000000	0.00235968	1200.000000	0.0023619	1200.000000	0.00235594	1200.000000	0.00235942	1200.000000	2.55904e-07	
1220.000000	0.00306456	1220.000000	0.00235454	1220.000000	0.00235697	1220.000000	0.002351	1220.000000	0.00235429	1220.000000	2.52039e-07	
1240.000000	0.00305722	1240.000000	0.0023497	1240.000000	0.00235228	1240.000000	0.00234632	1240.000000	0.00234945	1240.000000	2.48294e-07	
1260.000000	0.00305031	1260.000000	0.00234513	1260.000000	0.00234782	1260.000000	0.00234189	1260.000000	0.00234488	1260.000000	2.44663e-07	
1280.000000	0.00304382	1280.000000	0.00234081	1280.000000	0.00234359	1280.000000	0.00233769	1280.000000	0.00234057	1280.000000	2.41141e-07	
1300.000000	0.00303773	1300.000000	0.00233675	1300.000000	0.00233958	1300.000000	0.00233371	1300.000000	0.00233651	1300.000000	2.37722e-07	
1320.000000	0.00303202	1320.000000	0.00233292	1320.000000	0.00233578	1320.000000	0.00232995	1320.000000	0.00233269	1320.000000	2.34403e-07	
1340.000000	0.00302669	1340.000000	0.00232932	1340.000000	0.00233219	1340.000000	0.00232638	1340.000000	0.00232909	1340.000000	2.31178e-07	
1360.000000	0.0030217	1360.000000	0.00232594	1360.000000	0.00232879	1360.000000	0.002323	1360.000000	0.00232571	1360.000000	2.28044e-07	
1380.000000	0.00301705	1380.000000	0.00232276	1380.000000	0.00232558	1380.000000	0.0023198	1380.000000	0.00232253	1380.000000	2.24998e-07	
1400.000000	0.00301273	1400.000000	0.00231978	1400.000000	0.00232254	1400.000000	0.00231678	1400.000000	0.00231956	1400.000000	2.22034e-07	
1420.000000	0.00300872	1420.000000	0.00231699	1420.000000	0.00231966	1420.000000	0.00231392	1420.000000	0.00231677	1420.000000	2.19151e-07	
1440.000000	0.00300501	1440.000000	0.00231439	1440.000000	0.00231694	1440.000000	0.00231122	1440.000000	0.00231417	1440.000000	2.16344e-07	
1460.000000	0.00300158	1460.000000	0.00231196	1460.000000	0.00231436	1460.000000	0.00230866	1460.000000	0.00231175	1460.000000	2.13612e-07	
1480.000000	0.00299844	1480.000000	0.0023097	1480.000000	0.00231192	1480.000000	0.00230625	1480.000000	0.00230949	1480.000000	2.10949e-07	
1500.000000	0.00299556	1500.000000	0.0023076	1500.000000	0.00230962	1500.000000	0.00230397	1500.000000	0.00230739	1500.000000	2.08355e-07	
1520.000000	0.00299294	1520.000000	0.00230565	1520.000000	0.00230746	1520.000000	0.00230183	1520.000000	0.00230545	1520.000000	2.05826e-07	
1540.000000	0.00299057	1540.000000	0.00230386	1540.000000	0.00230542	1540.000000	0.00229981	1540.000000	0.00230365	1540.000000	2.03361e-07	
1560.000000	0.00298844	1560.000000	0.00230221	1560.000000	0.0023035	1560.000000	0.00229791	1560.000000	0.002302	1560.000000	2.00955e-07	
1580.000000	0.00298654	1580.000000	0.00230069	1580.000000	0.00230171	1580.000000	0.00229612	1580.000000	0.00230049	1580.000000	1.98608e-07	
1600.000000	0.00298486	1600.000000	0.00229931	1600.000000	0.00230003	1600.000000	0.00229444	1600.000000	0.00229912	1600.000000	1.96318e-07	
1620.000000	0.0029834	1620.000000	0.00229806	1620.000000	0.00229846	1620.000000	0.00229286	1620.000000	0.00229787	1620.000000	1.94081e-07	
1640.000000	0.00298215	1640.000000	0.00229693	1640.000000	0.002297	1640.000000	0.00229138	1640.000000	0.00229674	1640.000000	1.91897e-07	
1660.000000	0.0029811	1660.000000	0.00229592	1660.000000	0.00229563	1660.000000	0.00229	1660.000000	0.00229573	1660.000000	1.89764e-07	
1680.000000	0.00298025	1680.000000	0.00229503	1680.000000	0.00229436	1680.000000	0.00228871	1680.000000	0.00229484	1680.000000	1.87678e-07	
1700.000000	0.00297958	1700.000000	0.00229425	1700.000000	0.00229318	1700.000000	0.00228751	1700.000000	0.00229406	1700.000000	1.8564e-07	
1750.000000	0.0029787	1750.000000	0.00229275	1750.000000	0.00229058	1750.000000	0.00228486	1750.000000	0.00229257	1750.000000	1.80741e-07	
1800.000000	0.00297888	1800.000000	0.00229187	1800.000000	0.00228842	1800.000000	0.00228269	1800.000000	0.0022917	1800.000000	1.76102e-07	
1850.000000	0.00298004	1850.000000	0.00229156	1850.000000	0.00228667	1850.000000	0.00228094	1850.000000	0.00229139	1850.000000	1.71705e-07	
1900.000000	0.00298211	1900.000000	0.00229177	1900.000000	0.00228529	1900.000000	0.00227958	1900.000000	0.0022916	1900.000000	1.67529e-07	
1950.000000	0.00298502	1950.000000	0.00229245	1950.000000	0.00228425	1950.000000	0.00227857	1950.000000	0.00229229	1950.000000	1.63558e-07	
2000.000000	0.00298872	2000.000000	0.00229359	2000.000000	0.00228352	2000.000000	0.00227788	2000.000000	0.00229343	2000.000000	1.59778e-07	
2100.000000	0.00299829	2100.000000	0.00229707	2100.000000	0.00228291	2100.000000	0.00227732	2100.000000	0.00229691	2100.000000	1.52737e-07	
2200.000000	0.00301046	2200.000000	0.00230198	2200.000000	0.00228327	2200.000000	0.00227772	2200.000000	0.00230183	2200.000000	1.46311e-07	
2300.000000	0.00302492	2300.000000	0.00230813	2300.000000	0.00228443	2300.000000	0.0022789	2300.000000	0.00230799	2300.000000	1.40421e-07	
2400.000000	0.00304143	2400.000000	0.00231537	2400.000000	0.00228623	2400.000000	0.00228073	2400.000000	0.00231523	2400.000000	1.35004e-07	
2500.000000	0.00305977	2500.000000	0.00232357	2500.000000	0.00228861	2500.000000	0.00228315	2500.000000	0.00232344	2500.000000	1.30002e-07	
2600.000000	0.00307976	2600.000000	0.00233261	2600.000000	0.00229169	2600.000000	0.00228627	2600.000000	0.00233248	2600.000000	1.2537e-07	
2700.000000	0.00310126	2700.000000	0.0023424	2700.000000	0.00229515	2700.000000	0.00228976	2700.000000	0.00234228	2700.000000	1.21068e-07	
2800.000000	0.00312411	2800.000000	0.00235286	2800.000000	0.00229894	2800.000000	0.00229355	2800.000000	0.00235275	2800.000000	1.17062e-07	
2900.000000	0.00314822	2900.000000	0.00236393	2900.000000	0.00230299	2900.000000	0.0022976	2900.000000	0.00236381	2900.000000	1.1332e-07	
3000.000000	0.00317347	3000.000000	0.00237552	3000.000000	0.00230726	3000.000000	0.00230187	3000.000000	0.00237541	3000.000000	1.09819e-07	
