Energy (MeV/u)1	0 - [He-base] F.Hubert et al, AD&ND Tables 46(1990)1	Energy (MeV/u)2	1 - [H -base] J.F.Ziegler et al, Pergamon Press, NY (low energy)	Energy (MeV/u)3	2 - ATIMA 1.2  LS-theory (recommended for high energy)	Energy (MeV/u)4	3 - ATIMA 1.2  without LS-correction	Energy (MeV/u)5	4 - electrical component of [1] - J.F.Ziegler et al	Energy (MeV/u)6	5 - nuclear component of [1] - J.F.Ziegler et al	
0.001000	0.0374577	0.001000	0.0391334	0.001000	0.047332	0.001000	0.047332	0.001000	0.0241994	0.001000	0.014934	
0.002000	0.0488957	0.002000	0.0503158	0.002000	0.0606716	0.002000	0.0606716	0.002000	0.0394845	0.002000	0.0108314	
0.005000	0.0765461	0.005000	0.0780029	0.005000	0.090276	0.005000	0.090276	0.005000	0.0716288	0.005000	0.00637405	
0.008000	0.0970868	0.008000	0.099036	0.008000	0.111204	0.008000	0.111204	0.008000	0.0943619	0.008000	0.00467419	
0.010000	0.108338	0.010000	0.110727	0.010000	0.122444	0.010000	0.122444	0.010000	0.106718	0.010000	0.00400913	
0.015000	0.138332	0.015000	0.134095	0.015000	0.145054	0.015000	0.145054	0.015000	0.131107	0.015000	0.00298829	
0.020000	0.163406	0.020000	0.153105	0.020000	0.163082	0.020000	0.163082	0.020000	0.150693	0.020000	0.00241188	
0.025000	0.184777	0.025000	0.169324	0.025000	0.178514	0.025000	0.178514	0.025000	0.167285	0.025000	0.0020391	
0.030000	0.203096	0.030000	0.183555	0.030000	0.190458	0.030000	0.190458	0.030000	0.181781	0.030000	0.00177387	
0.035000	0.21875	0.035000	0.196262	0.035000	0.200964	0.035000	0.200964	0.035000	0.194688	0.035000	0.00157454	
0.040000	0.232012	0.040000	0.207732	0.040000	0.210356	0.040000	0.210356	0.040000	0.206313	0.040000	0.00141871	
0.045000	0.243094	0.045000	0.21815	0.045000	0.218842	0.045000	0.218842	0.045000	0.216856	0.045000	0.00129321	
0.050000	0.252192	0.050000	0.227643	0.050000	0.226565	0.050000	0.226565	0.050000	0.226454	0.050000	0.00118976	
0.055000	0.259492	0.055000	0.236304	0.055000	0.233622	0.055000	0.233622	0.055000	0.235201	0.055000	0.00110288	
0.060000	0.265181	0.060000	0.2442 	0.060000	0.240087	0.060000	0.240087	0.060000	0.243171	0.060000	0.00102878	
0.070000	0.272457	0.070000	0.257903	0.070000	0.251443	0.070000	0.251443	0.070000	0.256994	0.070000	0.000908849	
0.080000	0.275433	0.080000	0.269095	0.080000	0.260951	0.080000	0.260951	0.080000	0.268279	0.080000	0.000815737	
0.090000	0.275363	0.090000	0.278056	0.090000	0.268832	0.090000	0.268832	0.090000	0.277315	0.090000	0.000741168	
0.100000	0.27327	0.100000	0.285038	0.100000	0.275261	0.100000	0.275261	0.100000	0.284358	0.100000	0.000679988	
0.120000	0.265925	0.120000	0.294009	0.120000	0.284352	0.120000	0.284352	0.120000	0.293424	0.120000	0.000585312	
0.140000	0.257248	0.140000	0.297749	0.140000	0.289277	0.140000	0.289277	0.140000	0.297234	0.140000	0.000515215	
0.160000	0.248882	0.160000	0.297725	0.160000	0.290944	0.160000	0.290944	0.160000	0.297264	0.160000	0.000461061	
0.180000	0.241341	0.180000	0.295094	0.180000	0.290125	0.180000	0.290125	0.180000	0.294676	0.180000	0.000417866	
0.200000	0.234666	0.200000	0.290727	0.200000	0.287464	0.200000	0.287464	0.200000	0.290345	0.200000	0.000382548	
0.250000	0.220886	0.250000	0.275931	0.250000	0.275885	0.250000	0.275885	0.250000	0.275614	0.250000	0.000316997	
0.300000	0.209633	0.300000	0.259515	0.300000	0.261165	0.300000	0.261165	0.300000	0.259243	0.300000	0.000271627	
0.350000	0.199712	0.350000	0.243708	0.350000	0.246006	0.350000	0.246006	0.350000	0.24347	0.350000	0.000238231	
0.400000	0.190625	0.400000	0.229238	0.400000	0.231602	0.400000	0.231602	0.400000	0.229025	0.400000	0.000212551	
0.450000	0.182186	0.450000	0.216238	0.450000	0.218398	0.450000	0.218398	0.450000	0.216046	0.450000	0.000192148	
0.500000	0.174323	0.500000	0.204624	0.500000	0.206484	0.500000	0.206484	0.500000	0.204449	0.500000	0.00017552	
0.600000	0.160196	0.600000	0.184944	0.600000	0.186224	0.600000	0.186224	0.600000	0.184794	0.600000	0.000149998	
0.700000	0.147998	0.700000	0.169004	0.700000	0.169884	0.700000	0.169884	0.700000	0.168873	0.700000	0.000131273	
0.800000	0.137467	0.800000	0.155862	0.800000	0.156515	0.800000	0.156515	0.800000	0.155746	0.800000	0.000116914	
0.900000	0.128339	0.900000	0.144837	0.900000	0.145385	0.900000	0.145385	0.900000	0.144731	0.900000	0.00010553	
1.000000	0.120376	1.000000	0.135441	1.000000	0.135963	1.000000	0.135963	1.000000	0.135344	1.000000	9.62708e-05	
1.250000	0.104353	1.250000	0.117  	1.250000	0.117614	1.250000	0.117614	1.250000	0.116921	1.250000	7.92085e-05	
1.500000	0.0922545	1.500000	0.103366	1.500000	0.104128	1.500000	0.104128	1.500000	0.103298	1.500000	6.74995e-05	
1.750000	0.0827787	1.750000	0.0927962	1.750000	0.0936896	1.750000	0.0936896	1.750000	0.0927373	1.750000	5.89382e-05	
2.000000	0.0751418	2.000000	0.0843221	2.000000	0.0853154	2.000000	0.0853154	2.000000	0.0842697	2.000000	5.23907e-05	
2.250000	0.0688474	2.250000	0.0773555	2.250000	0.0784193	2.250000	0.0784193	2.250000	0.0773083	2.250000	4.72123e-05	
2.500000	0.0625012	2.500000	0.0715163	2.500000	0.0726268	2.500000	0.0726268	2.500000	0.0714733	2.500000	4.30085e-05	
3.000000	0.0545541	3.000000	0.0622599	3.000000	0.0634139	3.000000	0.0634139	3.000000	0.0622234	3.000000	3.65866e-05	
3.500000	0.0485299	3.500000	0.0552393	3.500000	0.056396	3.500000	0.056396	3.500000	0.0552074	3.500000	3.19008e-05	
4.000000	0.043792	4.000000	0.0497242	4.000000	0.0508619	4.000000	0.0508619	4.000000	0.0496958	4.000000	2.8323e-05	
4.500000	0.0399599	4.500000	0.0452726	4.500000	0.0463803	4.500000	0.0463803	4.500000	0.0452471	4.500000	2.54974e-05	
5.000000	0.0367912	5.000000	0.0416006	5.000000	0.042673	5.000000	0.042673	5.000000	0.0415774	5.000000	2.32064e-05	
5.500000	0.034124	5.500000	0.0385172	5.500000	0.0395525	5.500000	0.0395525	5.500000	0.0384959	5.500000	2.13095e-05	
6.000000	0.0318454	6.000000	0.0358894	6.000000	0.0368872	6.000000	0.0368872	6.000000	0.0358697	6.000000	1.97118e-05	
6.500000	0.0298747	6.500000	0.0336213	6.500000	0.0345826	6.500000	0.0345826	6.500000	0.0336029	6.500000	1.83467e-05	
7.000000	0.0281521	7.000000	0.0316424	7.000000	0.0325685	7.000000	0.0325685	7.000000	0.0316252	7.000000	1.71662e-05	
7.500000	0.0266326	7.500000	0.0298995	7.500000	0.0307921	7.500000	0.0307921	7.500000	0.0298834	7.500000	1.61347e-05	
8.000000	0.0252817	8.000000	0.028352	8.000000	0.0292127	8.000000	0.0292127	8.000000	0.0283368	8.000000	1.52254e-05	
8.500000	0.0240721	8.500000	0.0269679	8.500000	0.0277985	8.500000	0.0277985	8.500000	0.0269535	8.500000	1.44173e-05	
9.000000	0.0229823	9.000000	0.025722	9.000000	0.0265242	9.000000	0.0265242	9.000000	0.0257083	9.000000	1.36943e-05	
9.500000	0.0219951	9.500000	0.0245942	9.500000	0.0253695	9.500000	0.0253695	9.500000	0.0245812	9.500000	1.30435e-05	
10.000000	0.0210963	10.000000	0.0242891	10.000000	0.024318	10.000000	0.024318	10.000000	0.0242767	10.000000	1.24543e-05	
11.000000	0.0195196	11.000000	0.0224851	11.000000	0.0224528	11.000000	0.0224541	11.000000	0.0224737	11.000000	1.14285e-05	
12.000000	0.0181806	12.000000	0.0209491	12.000000	0.0208714	12.000000	0.0208736	12.000000	0.0209385	12.000000	1.05651e-05	
13.000000	0.0170284	13.000000	0.0196247	13.000000	0.0195136	13.000000	0.019516	13.000000	0.0196149	13.000000	9.82801e-06	
14.000000	0.0160259	14.000000	0.0184704	14.000000	0.0183348	14.000000	0.0183371	14.000000	0.0184612	14.000000	9.191e-06	
15.000000	0.0151451	15.000000	0.0174548	15.000000	0.0173013	15.000000	0.0173036	15.000000	0.0174462	15.000000	8.63474e-06	
16.000000	0.0143647	16.000000	0.016554	16.000000	0.016388	16.000000	0.0163902	16.000000	0.0165458	16.000000	8.1446e-06	
17.000000	0.0136683	17.000000	0.0157492	17.000000	0.0155754	17.000000	0.0155773	17.000000	0.0157415	17.000000	7.70929e-06	
18.000000	0.0130426	18.000000	0.0150257	18.000000	0.0148477	18.000000	0.0148492	18.000000	0.0150184	18.000000	7.31999e-06	
19.000000	0.0124774	19.000000	0.0143715	19.000000	0.0141924	19.000000	0.0141935	19.000000	0.0143646	19.000000	6.96966e-06	
20.000000	0.011964	20.000000	0.013777	20.000000	0.0135989	20.000000	0.0136 	20.000000	0.0137704	20.000000	6.65267e-06	
21.000000	0.0114955	21.000000	0.0132343	21.000000	0.0130593	21.000000	0.0130604	21.000000	0.0132279	21.000000	6.3644e-06	
22.000000	0.0110661	22.000000	0.0127367	22.000000	0.0125671	22.000000	0.012568	22.000000	0.0127306	22.000000	6.10108e-06	
23.000000	0.0106712	23.000000	0.0122787	23.000000	0.0121166	23.000000	0.0121169	23.000000	0.0122729	23.000000	5.85954e-06	
24.000000	0.0103065	24.000000	0.0118558	24.000000	0.0117027	24.000000	0.0117023	24.000000	0.0118502	24.000000	5.63717e-06	
25.000000	0.00996874	25.000000	0.011464	25.000000	0.0113211	25.000000	0.0113202	25.000000	0.0114586	25.000000	5.43173e-06	
27.000000	0.00936259	27.000000	0.0107608	27.000000	0.010642	27.000000	0.0106397	27.000000	0.0107557	27.000000	5.06438e-06	
29.000000	0.00883386	29.000000	0.0101472	29.000000	0.0100557	29.000000	0.0100528	29.000000	0.0101425	29.000000	4.74537e-06	
31.000000	0.00836837	31.000000	0.00960707	31.000000	0.00953548	31.000000	0.00953248	31.000000	0.0096026	31.000000	4.46563e-06	
33.000000	0.0079552	33.000000	0.00912768	33.000000	0.00906621	33.000000	0.00906228	33.000000	0.00912346	33.000000	4.21825e-06	
35.000000	0.00758586	35.000000	0.00869922	35.000000	0.00864535	35.000000	0.00864162	35.000000	0.00869522	35.000000	3.99785e-06	
38.000000	0.00709962	38.000000	0.00813536	38.000000	0.0080917	38.000000	0.00808736	38.000000	0.00813165	38.000000	3.7088e-06	
41.000000	0.00667962	41.000000	0.00764857	41.000000	0.00761264	41.000000	0.00760821	41.000000	0.00764511	41.000000	3.46018e-06	
44.000000	0.00631295	44.000000	0.00722389	44.000000	0.00719355	44.000000	0.00718963	44.000000	0.00722064	44.000000	3.24396e-06	
47.000000	0.00598987	47.000000	0.00684998	47.000000	0.0068251	47.000000	0.00682065	47.000000	0.00684693	47.000000	3.05413e-06	
50.000000	0.00570292	50.000000	0.00651816	50.000000	0.0064973	50.000000	0.0064928	50.000000	0.00651527	50.000000	2.88608e-06	
55.000000	0.00528958	55.000000	0.00604078	55.000000	0.00602535	55.000000	0.00602046	55.000000	0.00603813	55.000000	2.64499e-06	
60.000000	0.00494059	60.000000	0.00563837	60.000000	0.00562614	60.000000	0.00562164	60.000000	0.00563593	60.000000	2.44238e-06	
65.000000	0.00464175	65.000000	0.00529438	65.000000	0.00528482	65.000000	0.0052802	65.000000	0.00529211	65.000000	2.26962e-06	
70.000000	0.00438276	70.000000	0.00499682	70.000000	0.00498912	70.000000	0.00498443	70.000000	0.0049947	70.000000	2.1205e-06	
75.000000	0.004156	75.000000	0.00473677	75.000000	0.00472995	75.000000	0.00472564	75.000000	0.00473478	75.000000	1.99043e-06	
80.000000	0.00395568	80.000000	0.0045075	80.000000	0.00450191	80.000000	0.00449722	80.000000	0.00450563	80.000000	1.87594e-06	
85.000000	0.00377735	85.000000	0.00430379	85.000000	0.00429851	85.000000	0.00429406	85.000000	0.00430202	85.000000	1.77434e-06	
90.000000	0.00361749	90.000000	0.00412155	90.000000	0.00411641	90.000000	0.00411215	90.000000	0.00411986	90.000000	1.68357e-06	
95.000000	0.00347332	95.000000	0.00395752	95.000000	0.00395284	95.000000	0.00394829	95.000000	0.00395592	95.000000	1.60195e-06	
100.000000	0.00334257	100.000000	0.00380907	100.000000	0.00380425	100.000000	0.00379989	100.000000	0.00380755	100.000000	1.52815e-06	
105.000000	0.00322342	105.000000	0.00367407	105.000000	0.00366902	105.000000	0.00366484	105.000000	0.00367261	105.000000	1.46108e-06	
110.000000	0.00311436	110.000000	0.00355076	110.000000	0.00354538	110.000000	0.00354141	110.000000	0.00354936	110.000000	1.39986e-06	
115.000000	0.00301412	115.000000	0.00343765	115.000000	0.00343226	115.000000	0.00342814	115.000000	0.00343631	115.000000	1.34375e-06	
120.000000	0.00292165	120.000000	0.00333353	120.000000	0.00332802	120.000000	0.00332382	120.000000	0.00333224	120.000000	1.29211e-06	
125.000000	0.00283606	125.000000	0.00323736	125.000000	0.00323141	125.000000	0.00322743	125.000000	0.00323612	125.000000	1.24444e-06	
130.000000	0.00275658	130.000000	0.00314826	130.000000	0.00314195	130.000000	0.00313808	130.000000	0.00314706	130.000000	1.20028e-06	
135.000000	0.00268258	135.000000	0.00306546	135.000000	0.00305908	135.000000	0.00305504	135.000000	0.0030643	135.000000	1.15926e-06	
140.000000	0.00261348	140.000000	0.00298831	140.000000	0.0029817	140.000000	0.00297765	140.000000	0.00298719	140.000000	1.12104e-06	
145.000000	0.00254881	145.000000	0.00291626	145.000000	0.00290925	145.000000	0.00290535	145.000000	0.00291518	145.000000	1.08536e-06	
150.000000	0.00248814	150.000000	0.00284881	150.000000	0.00284146	150.000000	0.00283765	150.000000	0.00284776	150.000000	1.05195e-06	
155.000000	0.00240272	155.000000	0.00278553	155.000000	0.00277781	155.000000	0.00277413	155.000000	0.00278451	155.000000	1.02062e-06	
160.000000	0.00235265	160.000000	0.00272605	160.000000	0.00271806	160.000000	0.00271442	160.000000	0.00272506	160.000000	9.9116e-07	
165.000000	0.00230544	165.000000	0.00267003	165.000000	0.00266196	165.000000	0.00265817	165.000000	0.00266907	165.000000	9.63414e-07	
170.000000	0.00226083	170.000000	0.00261717	170.000000	0.0026089	170.000000	0.0026051	170.000000	0.00261624	170.000000	9.37235e-07	
175.000000	0.00221863	175.000000	0.00256722	175.000000	0.00255863	175.000000	0.00255495	175.000000	0.00256631	175.000000	9.1249e-07	
180.000000	0.00217863	180.000000	0.00251994	180.000000	0.00251108	180.000000	0.00250748	180.000000	0.00251905	180.000000	8.89065e-07	
185.000000	0.00214068	185.000000	0.00247513	185.000000	0.002466	185.000000	0.00246248	185.000000	0.00247426	185.000000	8.66855e-07	
190.000000	0.0021046	190.000000	0.00243258	190.000000	0.00242319	190.000000	0.00241976	190.000000	0.00243174	190.000000	8.45766e-07	
195.000000	0.00207027	195.000000	0.00239215	195.000000	0.00238261	195.000000	0.00237917	195.000000	0.00239132	195.000000	8.25715e-07	
200.000000	0.00203756	200.000000	0.00235366	200.000000	0.00234408	200.000000	0.00234053	200.000000	0.00235285	200.000000	8.06627e-07	
210.000000	0.00197655	210.000000	0.00228201	210.000000	0.0022721	210.000000	0.00226861	210.000000	0.00228124	210.000000	7.71069e-07	
220.000000	0.0019208	220.000000	0.00221667	220.000000	0.00220641	220.000000	0.00220305	220.000000	0.00221593	220.000000	7.38616e-07	
230.000000	0.00186964	230.000000	0.00215684	230.000000	0.00214627	230.000000	0.00214304	230.000000	0.00215613	230.000000	7.08876e-07	
240.000000	0.00182252	240.000000	0.00210187	240.000000	0.00209123	240.000000	0.00208791	240.000000	0.00210118	240.000000	6.81517e-07	
250.000000	0.00177899	250.000000	0.00205117	250.000000	0.00204042	250.000000	0.0020371	250.000000	0.00205052	250.000000	6.56261e-07	
260.000000	0.00173864	260.000000	0.00200429	260.000000	0.00199334	260.000000	0.00199012	260.000000	0.00200365	260.000000	6.32872e-07	
270.000000	0.00170114	270.000000	0.00196079	270.000000	0.0019497	270.000000	0.00194657	270.000000	0.00196018	270.000000	6.11149e-07	
280.000000	0.0016662	280.000000	0.00192035	280.000000	0.00190914	280.000000	0.00190609	280.000000	0.00191976	280.000000	5.90917e-07	
290.000000	0.00163356	290.000000	0.00188264	290.000000	0.00187151	290.000000	0.00186837	290.000000	0.00188207	290.000000	5.72026e-07	
300.000000	0.00160301	300.000000	0.0018474	300.000000	0.0018363	300.000000	0.00183315	300.000000	0.00184685	300.000000	5.54346e-07	
310.000000	0.00157434	310.000000	0.00181441	310.000000	0.00180324	310.000000	0.00180018	310.000000	0.00181387	310.000000	5.37763e-07	
320.000000	0.00154741	320.000000	0.00178345	320.000000	0.00177228	320.000000	0.00176927	320.000000	0.00178293	320.000000	5.22176e-07	
330.000000	0.00152204	330.000000	0.00175435	330.000000	0.00174316	330.000000	0.00174023	330.000000	0.00175384	330.000000	5.07497e-07	
340.000000	0.00149812	340.000000	0.00172695	340.000000	0.00171581	340.000000	0.00171291	340.000000	0.00172645	340.000000	4.93649e-07	
350.000000	0.00147552	350.000000	0.0017011	350.000000	0.00169013	350.000000	0.00168715	350.000000	0.00170062	350.000000	4.80562e-07	
360.000000	0.00145414	360.000000	0.00167669	360.000000	0.00166584	360.000000	0.00166285	360.000000	0.00167622	360.000000	4.68173e-07	
370.000000	0.00143388	370.000000	0.0016536	370.000000	0.00164267	370.000000	0.00163974	370.000000	0.00165314	370.000000	4.56429e-07	
380.000000	0.00141466	380.000000	0.00163173	380.000000	0.00162075	380.000000	0.00161787	380.000000	0.00163128	380.000000	4.4528e-07	
390.000000	0.00139641	390.000000	0.00161098	390.000000	0.00159998	390.000000	0.00159713	390.000000	0.00161054	390.000000	4.3468e-07	
400.000000	0.00137905	400.000000	0.00159127	400.000000	0.00158024	400.000000	0.00157746	400.000000	0.00159085	400.000000	4.2459e-07	
410.000000	0.00136253	410.000000	0.00157254	410.000000	0.00156152	410.000000	0.00155876	410.000000	0.00157213	410.000000	4.14974e-07	
420.000000	0.00134678	420.000000	0.00155471	420.000000	0.00154378	420.000000	0.00154098	420.000000	0.00155431	420.000000	4.05798e-07	
430.000000	0.00133175	430.000000	0.00153773	430.000000	0.0015269	430.000000	0.00152405	430.000000	0.00153733	430.000000	3.97033e-07	
440.000000	0.0013174	440.000000	0.00152153	440.000000	0.00151075	440.000000	0.00150791	440.000000	0.00152114	440.000000	3.88651e-07	
450.000000	0.00130369	450.000000	0.00150606	450.000000	0.00149531	450.000000	0.00149252	450.000000	0.00150568	450.000000	3.80627e-07	
460.000000	0.00129057	460.000000	0.00149129	460.000000	0.00148057	460.000000	0.00147782	460.000000	0.00149091	460.000000	3.72939e-07	
470.000000	0.00127801	470.000000	0.00147716	470.000000	0.00146649	470.000000	0.00146377	470.000000	0.00147679	470.000000	3.65566e-07	
480.000000	0.00126598	480.000000	0.00146364	480.000000	0.00145302	480.000000	0.00145033	480.000000	0.00146328	480.000000	3.58489e-07	
490.000000	0.00125444	490.000000	0.00145068	490.000000	0.00144012	490.000000	0.00143747	490.000000	0.00145033	490.000000	3.5169e-07	
500.000000	0.00124337	500.000000	0.00143827	500.000000	0.00142778	500.000000	0.00142515	500.000000	0.00143792	500.000000	3.45152e-07	
520.000000	0.00122253	520.000000	0.00141493	520.000000	0.0014047	520.000000	0.00140201	520.000000	0.0014146	520.000000	3.32803e-07	
540.000000	0.00120327	540.000000	0.00139341	540.000000	0.00138338	540.000000	0.00138068	540.000000	0.00139309	540.000000	3.21335e-07	
560.000000	0.00118542	560.000000	0.0013735	560.000000	0.00136362	560.000000	0.00136099	560.000000	0.00137319	560.000000	3.10656e-07	
580.000000	0.00116886	580.000000	0.00135506	580.000000	0.00134534	580.000000	0.00134275	580.000000	0.00135476	580.000000	3.00687e-07	
600.000000	0.00115345	600.000000	0.00133793	600.000000	0.00132836	600.000000	0.00132582	600.000000	0.00133764	600.000000	2.91358e-07	
620.000000	0.0011391	620.000000	0.00132199	620.000000	0.0013126	620.000000	0.00131009	620.000000	0.00132171	620.000000	2.82608e-07	
640.000000	0.0011257	640.000000	0.00130713	640.000000	0.00129798	640.000000	0.00129543	640.000000	0.00130686	640.000000	2.74386e-07	
660.000000	0.00111318	660.000000	0.00129326	660.000000	0.00128434	660.000000	0.00128175	660.000000	0.001293	660.000000	2.66644e-07	
680.000000	0.00110146	680.000000	0.0012803	680.000000	0.00127153	680.000000	0.00126897	680.000000	0.00128004	680.000000	2.5934e-07	
700.000000	0.00109047	700.000000	0.00126816	700.000000	0.00125952	700.000000	0.00125701	700.000000	0.00126791	700.000000	2.52439e-07	
720.000000	0.00108017	720.000000	0.00125678	720.000000	0.00124828	720.000000	0.00124579	720.000000	0.00125654	720.000000	2.45907e-07	
740.000000	0.00107049	740.000000	0.0012461	740.000000	0.00123773	740.000000	0.00123527	740.000000	0.00124586	740.000000	2.39716e-07	
760.000000	0.0010614	760.000000	0.00123607	760.000000	0.0012278	760.000000	0.00122537	760.000000	0.00123583	760.000000	2.33838e-07	
780.000000	0.00105284	780.000000	0.00122663	780.000000	0.00121847	780.000000	0.00121607	780.000000	0.0012264	780.000000	2.28251e-07	
800.000000	0.00104478	800.000000	0.00121775	800.000000	0.00120972	800.000000	0.0012073	800.000000	0.00121753	800.000000	2.22933e-07	
820.000000	0.00103718	820.000000	0.00120938	820.000000	0.00120149	820.000000	0.00119904	820.000000	0.00120916	820.000000	2.17866e-07	
840.000000	0.00103002	840.000000	0.00120149	840.000000	0.00119371	840.000000	0.00119123	840.000000	0.00120128	840.000000	2.13031e-07	
860.000000	0.00102327	860.000000	0.00119404	860.000000	0.00118633	860.000000	0.00118387	860.000000	0.00119384	860.000000	2.08413e-07	
880.000000	0.00101689	880.000000	0.00118701	880.000000	0.00117933	880.000000	0.0011769	880.000000	0.00118681	880.000000	2.03997e-07	
900.000000	0.00101087	900.000000	0.00118037	900.000000	0.00117271	900.000000	0.0011703	900.000000	0.00118017	900.000000	1.9977e-07	
920.000000	0.00100518	920.000000	0.0011741	920.000000	0.00116645	920.000000	0.00116406	920.000000	0.0011739	920.000000	1.9572e-07	
940.000000	0.000999805	940.000000	0.00116816	940.000000	0.00116051	940.000000	0.00115814	940.000000	0.00116797	940.000000	1.91837e-07	
960.000000	0.000994725	960.000000	0.00116255	960.000000	0.00115489	960.000000	0.00115253	960.000000	0.00116236	960.000000	1.8811e-07	
980.000000	0.000989923	980.000000	0.00115723	980.000000	0.00114955	980.000000	0.0011472	980.000000	0.00115705	980.000000	1.84529e-07	
1000.000000	0.000985384	1000.000000	0.0011522	1000.000000	0.00114448	1000.000000	0.00114215	1000.000000	0.00115202	1000.000000	1.81087e-07	
1020.000000	0.000981092	1020.000000	0.00114744	1020.000000	0.00113966	1020.000000	0.00113734	1020.000000	0.00114726	1020.000000	1.77774e-07	
1040.000000	0.000977035	1040.000000	0.00114293	1040.000000	0.00113507	1040.000000	0.00113278	1040.000000	0.00114276	1040.000000	1.74585e-07	
1060.000000	0.000973199	1060.000000	0.00113866	1060.000000	0.00113071	1060.000000	0.00112843	1060.000000	0.00113849	1060.000000	1.71511e-07	
1080.000000	0.000969574	1080.000000	0.00113461	1080.000000	0.00112656	1080.000000	0.0011243	1080.000000	0.00113444	1080.000000	1.68548e-07	
1100.000000	0.000966148	1100.000000	0.00113078	1100.000000	0.00112262	1100.000000	0.00112036	1100.000000	0.00113061	1100.000000	1.65688e-07	
1120.000000	0.000962912	1120.000000	0.00112715	1120.000000	0.00111887	1120.000000	0.00111661	1120.000000	0.00112698	1120.000000	1.62927e-07	
1140.000000	0.000959856	1140.000000	0.0011237	1140.000000	0.00111531	1140.000000	0.00111304	1140.000000	0.00112354	1140.000000	1.60259e-07	
1160.000000	0.000956971	1160.000000	0.00112045	1160.000000	0.00111193	1160.000000	0.00110964	1160.000000	0.00112029	1160.000000	1.5768e-07	
1180.000000	0.00095425	1180.000000	0.00111736	1180.000000	0.0011087	1180.000000	0.00110639	1180.000000	0.0011172	1180.000000	1.55185e-07	
1200.000000	0.000951684	1200.000000	0.00111444	1200.000000	0.00110561	1200.000000	0.0011033	1200.000000	0.00111429	1200.000000	1.52771e-07	
1220.000000	0.000949267	1220.000000	0.00111167	1220.000000	0.00110266	1220.000000	0.00110035	1220.000000	0.00111152	1220.000000	1.50433e-07	
1240.000000	0.000946992	1240.000000	0.00110906	1240.000000	0.00109984	1240.000000	0.00109753	1240.000000	0.00110891	1240.000000	1.48168e-07	
1260.000000	0.000944852	1260.000000	0.00110658	1260.000000	0.00109713	1260.000000	0.00109484	1260.000000	0.00110644	1260.000000	1.45972e-07	
1280.000000	0.000942842	1280.000000	0.00110424	1280.000000	0.00109455	1280.000000	0.00109227	1280.000000	0.0011041	1280.000000	1.43842e-07	
1300.000000	0.000940956	1300.000000	0.00110203	1300.000000	0.00109209	1300.000000	0.00108981	1300.000000	0.00110189	1300.000000	1.41775e-07	
1320.000000	0.000939188	1320.000000	0.00109995	1320.000000	0.00108973	1320.000000	0.00108747	1320.000000	0.00109981	1320.000000	1.39769e-07	
1340.000000	0.000937534	1340.000000	0.00109798	1340.000000	0.00108748	1340.000000	0.00108523	1340.000000	0.00109784	1340.000000	1.37821e-07	
1360.000000	0.00093599	1360.000000	0.00109612	1360.000000	0.00108534	1360.000000	0.00108309	1360.000000	0.00109599	1360.000000	1.35928e-07	
1380.000000	0.00093455	1380.000000	0.00109438	1380.000000	0.00108329	1380.000000	0.00108105	1380.000000	0.00109424	1380.000000	1.34088e-07	
1400.000000	0.000933211	1400.000000	0.00109273	1400.000000	0.00108133	1400.000000	0.0010791	1400.000000	0.0010926	1400.000000	1.32299e-07	
1420.000000	0.000931969	1420.000000	0.00109119	1420.000000	0.00107945	1420.000000	0.00107723	1420.000000	0.00109106	1420.000000	1.30558e-07	
1440.000000	0.000930819	1440.000000	0.00108974	1440.000000	0.00107766	1440.000000	0.00107544	1440.000000	0.00108961	1440.000000	1.28864e-07	
1460.000000	0.000929759	1460.000000	0.00108838	1460.000000	0.00107595	1460.000000	0.00107374	1460.000000	0.00108825	1460.000000	1.27215e-07	
1480.000000	0.000928785	1480.000000	0.00108711	1480.000000	0.00107431	1480.000000	0.00107211	1480.000000	0.00108698	1480.000000	1.25608e-07	
1500.000000	0.000927893	1500.000000	0.00108592	1500.000000	0.00107274	1500.000000	0.00107055	1500.000000	0.0010858	1500.000000	1.24043e-07	
1520.000000	0.000927082	1520.000000	0.00108482	1520.000000	0.00107124	1520.000000	0.00106906	1520.000000	0.0010847	1520.000000	1.22518e-07	
1540.000000	0.000926348	1540.000000	0.00108379	1540.000000	0.00106981	1540.000000	0.00106763	1540.000000	0.00108367	1540.000000	1.21031e-07	
1560.000000	0.000925688	1560.000000	0.00108284	1560.000000	0.00106844	1560.000000	0.00106627	1560.000000	0.00108272	1560.000000	1.19581e-07	
1580.000000	0.000925099	1580.000000	0.00108196	1580.000000	0.00106714	1580.000000	0.00106497	1580.000000	0.00108184	1580.000000	1.18166e-07	
1600.000000	0.00092458	1600.000000	0.00108115	1600.000000	0.0010659	1600.000000	0.00106373	1600.000000	0.00108103	1600.000000	1.16786e-07	
1620.000000	0.000924127	1620.000000	0.0010804	1620.000000	0.00106471	1620.000000	0.00106254	1620.000000	0.00108029	1620.000000	1.15438e-07	
1640.000000	0.00092374	1640.000000	0.00107972	1640.000000	0.00106358	1640.000000	0.00106141	1640.000000	0.00107961	1640.000000	1.14122e-07	
1660.000000	0.000923414	1660.000000	0.0010791	1660.000000	0.00106251	1660.000000	0.00106033	1660.000000	0.00107899	1660.000000	1.12837e-07	
1680.000000	0.00092315	1680.000000	0.00107855	1680.000000	0.00106148	1680.000000	0.00105929	1680.000000	0.00107843	1680.000000	1.11581e-07	
1700.000000	0.000922943	1700.000000	0.00107805	1700.000000	0.0010605	1700.000000	0.0010583	1700.000000	0.00107794	1700.000000	1.10354e-07	
1750.000000	0.000922671	1750.000000	0.00107704	1750.000000	0.00105824	1750.000000	0.00105603	1750.000000	0.00107693	1750.000000	1.07404e-07	
1800.000000	0.000922727	1800.000000	0.00107635	1800.000000	0.00105623	1800.000000	0.00105401	1800.000000	0.00107624	1800.000000	1.04613e-07	
1850.000000	0.000923085	1850.000000	0.00107595	1850.000000	0.00105444	1850.000000	0.00105222	1850.000000	0.00107585	1850.000000	1.01968e-07	
1900.000000	0.000923726	1900.000000	0.00107583	1900.000000	0.00105286	1900.000000	0.00105064	1900.000000	0.00107573	1900.000000	9.94566e-08	
1950.000000	0.000924628	1950.000000	0.00107595	1950.000000	0.00105146	1950.000000	0.00104926	1950.000000	0.00107586	1950.000000	9.707e-08	
2000.000000	0.000925775	2000.000000	0.00107631	2000.000000	0.00105023	2000.000000	0.00104805	2000.000000	0.00107622	2000.000000	9.47987e-08	
2100.000000	0.000928739	2100.000000	0.00107766	2100.000000	0.00104826	2100.000000	0.00104609	2100.000000	0.00107757	2100.000000	9.05697e-08	
2200.000000	0.000932508	2200.000000	0.00107975	2200.000000	0.00104682	2200.000000	0.00104467	2200.000000	0.00107967	2200.000000	8.67125e-08	
2300.000000	0.000936988	2300.000000	0.00108249	2300.000000	0.00104584	2300.000000	0.00104369	2300.000000	0.00108241	2300.000000	8.31797e-08	
2400.000000	0.000942101	2400.000000	0.0010858	2400.000000	0.00104523	2400.000000	0.0010431	2400.000000	0.00108572	2400.000000	7.99316e-08	
2500.000000	0.000947783	2500.000000	0.0010896	2500.000000	0.00104495	2500.000000	0.00104283	2500.000000	0.00108953	2500.000000	7.69349e-08	
2600.000000	0.000953976	2600.000000	0.00109385	2600.000000	0.00104494	2600.000000	0.00104284	2600.000000	0.00109378	2600.000000	7.41611e-08	
2700.000000	0.000960633	2700.000000	0.00109849	2700.000000	0.00104517	2700.000000	0.00104308	2700.000000	0.00109841	2700.000000	7.1586e-08	
2800.000000	0.000967713	2800.000000	0.00110347	2800.000000	0.00104561	2800.000000	0.00104352	2800.000000	0.0011034	2800.000000	6.91888e-08	
2900.000000	0.000975179	2900.000000	0.00110877	2900.000000	0.00104623	2900.000000	0.00104414	2900.000000	0.0011087	2900.000000	6.69516e-08	
3000.000000	0.000983001	3000.000000	0.00111434	3000.000000	0.00104699	3000.000000	0.0010449	3000.000000	0.00111428	3000.000000	6.48586e-08	
