Energy (MeV/u)1	0 - [He-base] F.Hubert et al, AD&ND Tables 46(1990)1	Energy (MeV/u)2	1 - [H -base] J.F.Ziegler et al, Pergamon Press, NY (low energy)	Energy (MeV/u)3	2 - ATIMA 1.2  LS-theory (recommended for high energy)	Energy (MeV/u)4	3 - ATIMA 1.2  without LS-correction	Energy (MeV/u)5	4 - electrical component of [1] - J.F.Ziegler et al	Energy (MeV/u)6	5 - nuclear component of [1] - J.F.Ziegler et al	
0.001000	0.198841  	0.001000	0.217858  	0.001000	0.282567  	0.001000	0.282567  	0.001000	0.197565  	0.001000	0.0202932 	
0.002000	0.241706  	0.002000	0.26704   	0.002000	0.327129  	0.002000	0.327129  	0.002000	0.251809  	0.002000	0.0152314 	
0.005000	0.321168  	0.005000	0.356276  	0.005000	0.40145   	0.005000	0.40145   	0.005000	0.347016  	0.005000	0.00925922	
0.008000	0.374727  	0.008000	0.415949  	0.008000	0.447974  	0.008000	0.447974  	0.008000	0.409065  	0.008000	0.00688401	
0.010000	0.4037    	0.010000	0.448227  	0.010000	0.472329  	0.010000	0.472329  	0.010000	0.442293  	0.010000	0.00593354	
0.015000	0.487402  	0.015000	0.502117  	0.015000	0.520589  	0.015000	0.520589  	0.015000	0.497679  	0.015000	0.00443731	
0.020000	0.555886  	0.020000	0.544379  	0.020000	0.55825   	0.020000	0.55825   	0.020000	0.54077   	0.020000	0.00360913	
0.025000	0.61249   	0.025000	0.578784  	0.025000	0.589523  	0.025000	0.589523  	0.025000	0.575722  	0.025000	0.00306176	
0.030000	0.65898   	0.030000	0.607316  	0.030000	0.61219   	0.030000	0.61219   	0.030000	0.604646  	0.030000	0.00267025	
0.035000	0.696513  	0.035000	0.631176  	0.035000	0.630922  	0.035000	0.630922  	0.035000	0.628801  	0.035000	0.00237487	
0.040000	0.725996  	0.040000	0.651164  	0.040000	0.646443  	0.040000	0.646443  	0.040000	0.649021  	0.040000	0.00214326	
0.045000	0.74824   	0.045000	0.667861  	0.045000	0.65927   	0.045000	0.65927   	0.045000	0.665905  	0.045000	0.00195628	
0.050000	0.764028  	0.050000	0.681707  	0.050000	0.669788  	0.050000	0.669788  	0.050000	0.679905  	0.050000	0.00180184	
0.055000	0.774127  	0.055000	0.693054  	0.055000	0.6783    	0.055000	0.6783    	0.055000	0.691382  	0.055000	0.0016719 	
0.060000	0.779293  	0.060000	0.70219   	0.060000	0.685051  	0.060000	0.685051  	0.060000	0.70063   	0.060000	0.00156092	
0.070000	0.77771   	0.070000	0.714784  	0.070000	0.694057  	0.070000	0.694057  	0.070000	0.713403  	0.070000	0.00138098	
0.080000	0.764581  	0.080000	0.721097  	0.080000	0.698118  	0.080000	0.698118  	0.080000	0.719856  	0.080000	0.00124098	
0.090000	0.744271  	0.090000	0.722392  	0.090000	0.698235  	0.090000	0.698235  	0.090000	0.721264  	0.090000	0.00112867	
0.100000	0.720087  	0.100000	0.719699  	0.100000	0.69521   	0.100000	0.69521   	0.100000	0.718663  	0.100000	0.0010364 	
0.120000	0.668606  	0.120000	0.705593  	0.120000	0.682221  	0.120000	0.682221  	0.120000	0.704699  	0.120000	0.00089336	
0.140000	0.620322  	0.140000	0.683964  	0.140000	0.663125  	0.140000	0.663125  	0.140000	0.683177  	0.140000	0.000787258	
0.160000	0.578404  	0.160000	0.658349  	0.160000	0.64065   	0.160000	0.64065   	0.160000	0.657644  	0.160000	0.000705163	
0.180000	0.542987  	0.180000	0.631097  	0.180000	0.616651  	0.180000	0.616651  	0.180000	0.630457  	0.180000	0.000639601	
0.200000	0.513187  	0.200000	0.603713  	0.200000	0.592355  	0.200000	0.592355  	0.200000	0.603127  	0.200000	0.000585937	
0.250000	0.456593  	0.250000	0.53975   	0.250000	0.53471   	0.250000	0.53471   	0.250000	0.539264  	0.250000	0.000486195	
0.300000	0.416239  	0.300000	0.485581  	0.300000	0.484803  	0.300000	0.484803  	0.300000	0.485164  	0.300000	0.000417041	
0.350000	0.385252  	0.350000	0.441168  	0.350000	0.443111  	0.350000	0.443111  	0.350000	0.440802  	0.350000	0.000366072	
0.400000	0.360125  	0.400000	0.404879  	0.400000	0.408533  	0.400000	0.408533  	0.400000	0.404552  	0.400000	0.000326838	
0.450000	0.338977  	0.450000	0.374975  	0.450000	0.379703  	0.450000	0.379703  	0.450000	0.374679  	0.450000	0.000295639	
0.500000	0.320724  	0.500000	0.350008  	0.500000	0.355413  	0.500000	0.355413  	0.500000	0.349738  	0.500000	0.000270193	
0.600000	0.290423  	0.600000	0.31071   	0.600000	0.3168    	0.600000	0.3168    	0.600000	0.310479  	0.600000	0.0002311 	
0.700000	0.266     	0.700000	0.281038  	0.700000	0.287364  	0.700000	0.287364  	0.700000	0.280835  	0.700000	0.00020239	
0.800000	0.245742  	0.800000	0.257647  	0.800000	0.264006  	0.800000	0.264006  	0.800000	0.257467  	0.800000	0.000180354	
0.900000	0.228602  	0.900000	0.238585  	0.900000	0.244877  	0.900000	0.244877  	0.900000	0.238422  	0.900000	0.000162872	
1.000000	0.213877  	1.000000	0.22265   	1.000000	0.228823  	1.000000	0.228823  	1.000000	0.222501  	1.000000	0.000148644	
1.250000	0.184691  	1.250000	0.19197   	1.250000	0.197761  	1.250000	0.197761  	1.250000	0.191847  	1.250000	0.000122405	
1.500000	0.162947  	1.500000	0.16964   	1.500000	0.175029  	1.500000	0.175029  	1.500000	0.169536  	1.500000	0.00010438	
1.750000	0.146068  	1.750000	0.15248   	1.750000	0.157489  	1.750000	0.157489  	1.750000	0.152389  	1.750000	9.11899e-05	
2.000000	0.132556  	2.000000	0.138796  	2.000000	0.143459  	2.000000	0.143459  	2.000000	0.138715  	2.000000	8.10962e-05	
2.250000	0.121475  	2.250000	0.127583  	2.250000	0.131936  	2.250000	0.131936  	2.250000	0.12751   	2.250000	7.31086e-05	
2.500000	0.11173   	2.500000	0.118203  	2.500000	0.122276  	2.500000	0.122276  	2.500000	0.118136  	2.500000	6.66215e-05	
3.000000	0.0975606 	3.000000	0.10334   	3.000000	0.106939  	3.000000	0.106939  	3.000000	0.103283  	3.000000	5.67058e-05	
3.500000	0.0868065 	3.500000	0.0920473 	3.500000	0.0952623 	3.500000	0.0952623 	3.500000	0.0919978 	3.500000	4.94658e-05	
4.000000	0.0783425 	4.000000	0.0831452 	4.000000	0.0860435 	4.000000	0.0860435 	4.000000	0.0831013 	4.000000	4.3935e-05	
4.500000	0.0714933 	4.500000	0.0759291 	4.500000	0.0785631 	4.500000	0.0785631 	4.500000	0.0758895 	4.500000	3.95649e-05	
5.000000	0.0658281 	5.000000	0.06995   	5.000000	0.0723606 	5.000000	0.0723606 	5.000000	0.069914  	5.000000	3.60203e-05	
5.500000	0.0610583 	5.500000	0.0649075 	5.500000	0.0671269 	5.500000	0.0671269 	5.500000	0.0648744 	5.500000	3.30844e-05	
6.000000	0.056983  	6.000000	0.0605922 	6.000000	0.0626465 	6.000000	0.0626465 	6.000000	0.0605616 	6.000000	3.06108e-05	
6.500000	0.0534578 	6.500000	0.0568538 	6.500000	0.0587641 	6.500000	0.0587641 	6.500000	0.0568253 	6.500000	2.84969e-05	
7.000000	0.0503763 	7.000000	0.053581  	7.000000	0.0553648 	7.000000	0.0553648 	7.000000	0.0535544 	7.000000	2.66683e-05	
7.500000	0.0476579 	7.500000	0.05069   	7.500000	0.0523616 	7.500000	0.0523616 	7.500000	0.0506649 	7.500000	2.50702e-05	
8.000000	0.0452408 	8.000000	0.048116  	8.000000	0.0496877 	8.000000	0.0496877 	8.000000	0.0480923 	8.000000	2.3661e-05	
8.500000	0.0430766 	8.500000	0.0458084 	8.500000	0.0472905 	8.500000	0.0472905 	8.500000	0.045786  	8.500000	2.24086e-05	
9.000000	0.0411268 	9.000000	0.0437268 	9.000000	0.0451282 	9.000000	0.0451282 	9.000000	0.0437055 	9.000000	2.12878e-05	
9.500000	0.0393604 	9.500000	0.0418389 	9.500000	0.0431672 	9.500000	0.0431672 	9.500000	0.0418186 	9.500000	2.02786e-05	
10.000000	0.0377522 	10.000000	0.0419308 	10.000000	0.0413799 	10.000000	0.0413799 	10.000000	0.0419114 	10.000000	1.93649e-05	
11.000000	0.0349308 	11.000000	0.0387756 	11.000000	0.0382069 	11.000000	0.0382072 	11.000000	0.0387578 	11.000000	1.77738e-05	
12.000000	0.0325348 	12.000000	0.0360939 	12.000000	0.035515  	12.000000	0.0355157 	12.000000	0.0360774 	12.000000	1.64344e-05	
13.000000	0.030473  	13.000000	0.0337851 	13.000000	0.0332031 	13.000000	0.0332035 	13.000000	0.0337698 	13.000000	1.52906e-05	
14.000000	0.0286789 	14.000000	0.0317756 	14.000000	0.0311957 	14.000000	0.0311957 	14.000000	0.0317613 	14.000000	1.43018e-05	
15.000000	0.0271027 	15.000000	0.0300098 	15.000000	0.029436  	15.000000	0.029436  	15.000000	0.0299963 	15.000000	1.34383e-05	
16.000000	0.0257062 	16.000000	0.0284453 	16.000000	0.0278818 	16.000000	0.0278815 	16.000000	0.0284326 	16.000000	1.26772e-05	
17.000000	0.0244599 	17.000000	0.0270491 	17.000000	0.0264997 	17.000000	0.0264984 	17.000000	0.0270371 	17.000000	1.20012e-05	
18.000000	0.0233404 	18.000000	0.025795  	18.000000	0.0252621 	18.000000	0.0252603 	18.000000	0.0257836 	18.000000	1.13965e-05	
19.000000	0.0223288 	19.000000	0.0246621 	19.000000	0.0241475 	19.000000	0.0241457 	19.000000	0.0246513 	19.000000	1.08523e-05	
20.000000	0.0214101 	20.000000	0.0236334 	20.000000	0.0231393 	20.000000	0.0231375 	20.000000	0.023623  	20.000000	1.03599e-05	
21.000000	0.0205717 	21.000000	0.0226948 	21.000000	0.0222234 	21.000000	0.0222214 	21.000000	0.0226849 	21.000000	9.91194e-06	
22.000000	0.0198034 	22.000000	0.021835  	22.000000	0.0213877 	22.000000	0.0213858 	22.000000	0.0218255 	22.000000	9.50273e-06	
23.000000	0.0190966 	23.000000	0.0210442 	23.000000	0.0206227 	23.000000	0.0206207 	23.000000	0.021035  	23.000000	9.12734e-06	
24.000000	0.018444  	24.000000	0.0203143 	24.000000	0.0199207 	24.000000	0.019918  	24.000000	0.0203055 	24.000000	8.7817e-06	
25.000000	0.0178395 	25.000000	0.0196384 	25.000000	0.0192746 	25.000000	0.0192707 	25.000000	0.01963   	25.000000	8.46234e-06	
27.000000	0.0167548 	27.000000	0.0184262 	27.000000	0.0181237 	27.000000	0.0181188 	27.000000	0.0184183 	27.000000	7.89122e-06	
29.000000	0.0158086 	29.000000	0.0173695 	29.000000	0.0171314 	29.000000	0.0171266 	29.000000	0.0173621 	29.000000	7.39516e-06	
31.000000	0.0149756 	31.000000	0.0164399 	31.000000	0.0162494 	31.000000	0.0162445 	31.000000	0.016433  	31.000000	6.9601e-06	
33.000000	0.0142362 	33.000000	0.0156155 	33.000000	0.0154492 	33.000000	0.0154446 	33.000000	0.0156089 	33.000000	6.5753e-06	
35.000000	0.0135753 	35.000000	0.0148791 	35.000000	0.0147329 	35.000000	0.0147288 	35.000000	0.0148728 	35.000000	6.23243e-06	
38.000000	0.0127051 	38.000000	0.0139106 	38.000000	0.013791  	38.000000	0.0137855 	38.000000	0.0139048 	38.000000	5.7827e-06	
41.000000	0.0119535 	41.000000	0.013075  	41.000000	0.0129756 	41.000000	0.0129699 	41.000000	0.0130696 	41.000000	5.3958e-06	
44.000000	0.0112973 	44.000000	0.0123465 	44.000000	0.0122624 	44.000000	0.0122572 	44.000000	0.0123415 	44.000000	5.05927e-06	
47.000000	0.0107192 	47.000000	0.0117055 	47.000000	0.0116338 	47.000000	0.0116289 	47.000000	0.0117007 	47.000000	4.76377e-06	
50.000000	0.0102057 	50.000000	0.0111368 	50.000000	0.0110752 	50.000000	0.0110706 	50.000000	0.0111323 	50.000000	4.50213e-06	
55.000000	0.00946597	55.000000	0.0103191 	55.000000	0.0102703 	55.000000	0.010266  	55.000000	0.010315  	55.000000	4.12671e-06	
60.000000	0.00884144	60.000000	0.00963025	60.000000	0.00959076	60.000000	0.00958655	60.000000	0.00962643	60.000000	3.81117e-06	
65.000000	0.00830663	65.000000	0.00904166	65.000000	0.00900972	65.000000	0.00900474	65.000000	0.00903812	65.000000	3.54207e-06	
70.000000	0.00784316	70.000000	0.00853271	70.000000	0.00850523	70.000000	0.0085007 	70.000000	0.0085294 	70.000000	3.30976e-06	
75.000000	0.00743736	75.000000	0.0080881 	75.000000	0.00806389	75.000000	0.00805961	75.000000	0.00808499	75.000000	3.10709e-06	
80.000000	0.00707889	80.000000	0.00769621	80.000000	0.00767429	80.000000	0.00767025	80.000000	0.00769329	80.000000	2.92866e-06	
85.000000	0.00675975	85.000000	0.00734812	85.000000	0.00732773	85.000000	0.00732391	85.000000	0.00734535	85.000000	2.77033e-06	
90.000000	0.00647368	90.000000	0.00703678	90.000000	0.00701743	90.000000	0.00701376	90.000000	0.00703415	90.000000	2.62883e-06	
95.000000	0.00621567	95.000000	0.00675661	95.000000	0.00673871	95.000000	0.00673436	95.000000	0.00675411	95.000000	2.5016e-06	
100.000000	0.0059817 	100.000000	0.00650311	100.000000	0.00648546	100.000000	0.00648129	100.000000	0.00650073	100.000000	2.38654e-06	
105.000000	0.00576847	105.000000	0.00627261	105.000000	0.00625497	105.000000	0.00625098	105.000000	0.00627033	105.000000	2.28198e-06	
110.000000	0.0055733 	110.000000	0.00606209	110.000000	0.0060443 	110.000000	0.00604047	110.000000	0.00605991	110.000000	2.18652e-06	
115.000000	0.00539391	115.000000	0.00586904	115.000000	0.00585096	115.000000	0.00584727	115.000000	0.00586694	115.000000	2.09901e-06	
120.000000	0.00522843	120.000000	0.00569134	120.000000	0.00567289	120.000000	0.00566933	120.000000	0.00568932	120.000000	2.01848e-06	
125.000000	0.00507526	125.000000	0.00552723	125.000000	0.00550835	125.000000	0.00550489	125.000000	0.00552528	125.000000	1.94413e-06	
130.000000	0.00493304	130.000000	0.00537518	130.000000	0.00535581	130.000000	0.00535247	130.000000	0.00537331	130.000000	1.87525e-06	
135.000000	0.00480061	135.000000	0.00523392	135.000000	0.00521396	135.000000	0.00521079	135.000000	0.00523211	135.000000	1.81126e-06	
140.000000	0.00467696	140.000000	0.00510232	140.000000	0.00508214	140.000000	0.00507874	140.000000	0.00510056	140.000000	1.75165e-06	
145.000000	0.00456123	145.000000	0.00497941	145.000000	0.00495908	145.000000	0.00495537	145.000000	0.00497771	145.000000	1.69598e-06	
150.000000	0.00445266	150.000000	0.00486436	150.000000	0.00484345	150.000000	0.00483986	150.000000	0.00486272	150.000000	1.64386e-06	
155.000000	0.00429979	155.000000	0.00475644	155.000000	0.00473492	155.000000	0.00473146	155.000000	0.00475484	155.000000	1.59497e-06	
160.000000	0.00421019	160.000000	0.00465499	160.000000	0.00463294	160.000000	0.00462955	160.000000	0.00465344	160.000000	1.549e-06 	
165.000000	0.00412569	165.000000	0.00455946	165.000000	0.00453686	165.000000	0.00453355	165.000000	0.00455795	165.000000	1.50571e-06	
170.000000	0.00404587	170.000000	0.00446932	170.000000	0.0044462 	170.000000	0.00444297	170.000000	0.00446786	170.000000	1.46486e-06	
175.000000	0.00397035	175.000000	0.00438415	175.000000	0.00436052	175.000000	0.00435736	175.000000	0.00438273	175.000000	1.42624e-06	
180.000000	0.00389877	180.000000	0.00430354	180.000000	0.00427942	180.000000	0.00427633	180.000000	0.00430215	180.000000	1.38968e-06	
185.000000	0.00383084	185.000000	0.00422713	185.000000	0.00420254	185.000000	0.00419951	185.000000	0.00422577	185.000000	1.35502e-06	
190.000000	0.00376628	190.000000	0.00415459	190.000000	0.00412957	190.000000	0.00412658	190.000000	0.00415327	190.000000	1.3221e-06	
195.000000	0.00370485	195.000000	0.00408565	195.000000	0.00406016	195.000000	0.00405727	195.000000	0.00408436	195.000000	1.29081e-06	
200.000000	0.00364631	200.000000	0.00402005	200.000000	0.00399412	200.000000	0.0039913 	200.000000	0.00401879	200.000000	1.26101e-06	
210.000000	0.00353714	210.000000	0.0038979 	210.000000	0.00387164	210.000000	0.0038685 	210.000000	0.0038967 	210.000000	1.2055e-06	
220.000000	0.00343736	220.000000	0.00378653	220.000000	0.00375965	220.000000	0.00375652	220.000000	0.00378537	220.000000	1.15484e-06	
230.000000	0.00334581	230.000000	0.00368456	230.000000	0.00365702	230.000000	0.00365402	230.000000	0.00368345	230.000000	1.10841e-06	
240.000000	0.00326149	240.000000	0.00359086	240.000000	0.00356277	240.000000	0.00355985	240.000000	0.00358979	240.000000	1.06569e-06	
250.000000	0.00318358	250.000000	0.00350446	250.000000	0.00347588	250.000000	0.00347304	250.000000	0.00350343	250.000000	1.02625e-06	
260.000000	0.00311138	260.000000	0.00342455	260.000000	0.00339554	260.000000	0.00339278	260.000000	0.00342356	260.000000	9.89731e-07	
270.000000	0.00304427	270.000000	0.00335044	270.000000	0.00332105	270.000000	0.00331835	270.000000	0.00334948	270.000000	9.55806e-07	
280.000000	0.00298174	280.000000	0.00328151	280.000000	0.00325179	280.000000	0.00324916	280.000000	0.00328058	280.000000	9.24209e-07	
290.000000	0.00292333	290.000000	0.00321725	290.000000	0.00318721	290.000000	0.00318469	290.000000	0.00321635	290.000000	8.94705e-07	
300.000000	0.00286866	300.000000	0.0031572 	300.000000	0.00312711	300.000000	0.00312446	300.000000	0.00315633	300.000000	8.6709e-07	
310.000000	0.00281737	310.000000	0.00310098	310.000000	0.00307092	310.000000	0.00306809	310.000000	0.00310013	310.000000	8.41187e-07	
320.000000	0.00276916	320.000000	0.00304822	320.000000	0.003018  	320.000000	0.00301523	320.000000	0.00304741	320.000000	8.16839e-07	
330.000000	0.00272377	330.000000	0.00299864	330.000000	0.00296825	330.000000	0.00296556	330.000000	0.00299784	330.000000	7.93909e-07	
340.000000	0.00268096	340.000000	0.00295194	340.000000	0.00292146	340.000000	0.00291881	340.000000	0.00295117	340.000000	7.72275e-07	
350.000000	0.00264051	350.000000	0.00290791	350.000000	0.00287735	350.000000	0.00287474	350.000000	0.00290715	350.000000	7.51828e-07	
360.000000	0.00260225	360.000000	0.00286631	360.000000	0.0028357 	360.000000	0.00283314	360.000000	0.00286558	360.000000	7.32474e-07	
370.000000	0.002566  	370.000000	0.00282696	370.000000	0.00279597	370.000000	0.00279345	370.000000	0.00282624	370.000000	7.14125e-07	
380.000000	0.00253161	380.000000	0.00278968	380.000000	0.00275835	380.000000	0.00275587	380.000000	0.00278898	380.000000	6.96703e-07	
390.000000	0.00249895	390.000000	0.00275433	390.000000	0.00272268	390.000000	0.00272024	390.000000	0.00275365	390.000000	6.80141e-07	
400.000000	0.00246788	400.000000	0.00272075	400.000000	0.00268882	400.000000	0.00268642	400.000000	0.00272009	400.000000	6.64375e-07	
410.000000	0.00243831	410.000000	0.00268883	410.000000	0.00265664	410.000000	0.00265427	410.000000	0.00268818	410.000000	6.49348e-07	
420.000000	0.00241012	420.000000	0.00265845	420.000000	0.00262604	420.000000	0.00262369	420.000000	0.00265781	420.000000	6.35008e-07	
430.000000	0.00238323	430.000000	0.0026295 	430.000000	0.00259688	430.000000	0.00259457	430.000000	0.00262888	430.000000	6.2131e-07	
440.000000	0.00235756	440.000000	0.00260189	440.000000	0.00256906	440.000000	0.0025668 	440.000000	0.00260128	440.000000	6.08211e-07	
450.000000	0.00233302	450.000000	0.00257554	450.000000	0.00254254	450.000000	0.00254031	450.000000	0.00257494	450.000000	5.95671e-07	
460.000000	0.00230954	460.000000	0.00255036	460.000000	0.0025173 	460.000000	0.002515  	460.000000	0.00254977	460.000000	5.83656e-07	
470.000000	0.00228707	470.000000	0.00252628	470.000000	0.00249322	470.000000	0.00249082	470.000000	0.0025257 	470.000000	5.72132e-07	
480.000000	0.00226553	480.000000	0.00250323	480.000000	0.00247014	480.000000	0.00246767	480.000000	0.00250267	480.000000	5.6107e-07	
490.000000	0.00224489	490.000000	0.00248115	490.000000	0.00244796	490.000000	0.00244552	490.000000	0.0024806 	490.000000	5.50442e-07	
500.000000	0.00222507	500.000000	0.00246   	500.000000	0.00242668	500.000000	0.00242429	500.000000	0.00245946	500.000000	5.40223e-07	
520.000000	0.00218778	520.000000	0.00242022	520.000000	0.00238674	520.000000	0.00238439	520.000000	0.0024197 	520.000000	5.20919e-07	
540.000000	0.00215331	540.000000	0.00238352	540.000000	0.00234992	540.000000	0.00234761	540.000000	0.00238302	540.000000	5.02992e-07	
560.000000	0.00212137	560.000000	0.00234959	560.000000	0.00231588	560.000000	0.00231362	560.000000	0.0023491 	560.000000	4.86297e-07	
580.000000	0.00209173	580.000000	0.00231814	580.000000	0.00228435	580.000000	0.00228213	580.000000	0.00231767	580.000000	4.70711e-07	
600.000000	0.00206416	600.000000	0.00228893	600.000000	0.00225507	600.000000	0.00225288	600.000000	0.00228848	600.000000	4.56125e-07	
620.000000	0.00203847	620.000000	0.00226175	620.000000	0.00222784	620.000000	0.00222568	620.000000	0.00226131	620.000000	4.42445e-07	
640.000000	0.00201449	640.000000	0.00223642	640.000000	0.00220246	640.000000	0.00220032	640.000000	0.00223599	640.000000	4.29588e-07	
660.000000	0.00199208	660.000000	0.00221276	660.000000	0.00217875	660.000000	0.00217665	660.000000	0.00221235	660.000000	4.17481e-07	
680.000000	0.00197111	680.000000	0.00219065	680.000000	0.00215655	680.000000	0.00215451	680.000000	0.00219024	680.000000	4.06061e-07	
700.000000	0.00195146	700.000000	0.00216994	700.000000	0.00213583	700.000000	0.00213377	700.000000	0.00216954	700.000000	3.95268e-07	
720.000000	0.00193302	720.000000	0.00215052	720.000000	0.00211647	720.000000	0.00211431	720.000000	0.00215014	720.000000	3.85053e-07	
740.000000	0.0019157 	740.000000	0.0021323 	740.000000	0.00209826	740.000000	0.00209604	740.000000	0.00213192	740.000000	3.7537e-07	
760.000000	0.00189942	760.000000	0.00211517	760.000000	0.00208107	760.000000	0.00207885	760.000000	0.00211481	760.000000	3.66178e-07	
780.000000	0.0018841 	780.000000	0.00209906	780.000000	0.00206485	780.000000	0.00206266	780.000000	0.00209871	780.000000	3.5744e-07	
800.000000	0.00186968	800.000000	0.0020839 	800.000000	0.00204956	800.000000	0.00204741	800.000000	0.00208355	800.000000	3.49122e-07	
820.000000	0.00185609	820.000000	0.00206961	820.000000	0.00203514	820.000000	0.00203301	820.000000	0.00206927	820.000000	3.41196e-07	
840.000000	0.00184327	840.000000	0.00205613	840.000000	0.00202153	840.000000	0.00201941	840.000000	0.0020558 	840.000000	3.33633e-07	
860.000000	0.00183118	860.000000	0.00204341	860.000000	0.00200865	860.000000	0.00200654	860.000000	0.00204309	860.000000	3.26408e-07	
880.000000	0.00181977	880.000000	0.0020314 	880.000000	0.00199646	880.000000	0.00199437	880.000000	0.00203108	880.000000	3.19501e-07	
900.000000	0.001809  	900.000000	0.00202005	900.000000	0.00198491	900.000000	0.00198284	900.000000	0.00201974	900.000000	3.12889e-07	
920.000000	0.00179882	920.000000	0.00200933	920.000000	0.00197396	920.000000	0.00197191	920.000000	0.00200902	920.000000	3.06554e-07	
940.000000	0.0017892 	940.000000	0.00199918	940.000000	0.00196358	940.000000	0.00196154	940.000000	0.00199888	940.000000	3.00478e-07	
960.000000	0.00178011	960.000000	0.00198958	960.000000	0.00195372	960.000000	0.00195169	960.000000	0.00198928	960.000000	2.94647e-07	
980.000000	0.00177152	980.000000	0.00198049	980.000000	0.00194435	980.000000	0.00194234	980.000000	0.0019802 	980.000000	2.89045e-07	
1000.000000	0.00176339	1000.000000	0.00197188	1000.000000	0.00193545	1000.000000	0.00193345	1000.000000	0.0019716 	1000.000000	2.83659e-07	
1020.000000	0.00175571	1020.000000	0.00196373	1020.000000	0.00192697	1020.000000	0.00192499	1020.000000	0.00196345	1020.000000	2.78477e-07	
1040.000000	0.00174845	1040.000000	0.00195601	1040.000000	0.00191891	1040.000000	0.00191694	1040.000000	0.00195573	1040.000000	2.73486e-07	
1060.000000	0.00174159	1060.000000	0.00194869	1060.000000	0.00191123	1060.000000	0.00190927	1060.000000	0.00194842	1060.000000	2.68677e-07	
1080.000000	0.0017351 	1080.000000	0.00194175	1080.000000	0.00190391	1080.000000	0.00190196	1080.000000	0.00194149	1080.000000	2.6404e-07	
1100.000000	0.00172897	1100.000000	0.00193518	1100.000000	0.00189693	1100.000000	0.00189499	1100.000000	0.00193492	1100.000000	2.59565e-07	
1120.000000	0.00172318	1120.000000	0.00192896	1120.000000	0.00189028	1120.000000	0.00188835	1120.000000	0.0019287 	1120.000000	2.55245e-07	
1140.000000	0.00171771	1140.000000	0.00192306	1140.000000	0.00188393	1140.000000	0.00188201	1140.000000	0.0019228 	1140.000000	2.5107e-07	
1160.000000	0.00171255	1160.000000	0.00191746	1160.000000	0.00187787	1160.000000	0.00187595	1160.000000	0.00191722	1160.000000	2.47035e-07	
1180.000000	0.00170768	1180.000000	0.00191217	1180.000000	0.00187208	1180.000000	0.00187017	1180.000000	0.00191192	1180.000000	2.43131e-07	
1200.000000	0.00170309	1200.000000	0.00190715	1200.000000	0.00186654	1200.000000	0.00186465	1200.000000	0.00190691	1200.000000	2.39352e-07	
1220.000000	0.00169876	1220.000000	0.0019024 	1220.000000	0.00186125	1220.000000	0.00185937	1220.000000	0.00190216	1220.000000	2.35693e-07	
1240.000000	0.00169469	1240.000000	0.0018979 	1240.000000	0.00185619	1240.000000	0.00185432	1240.000000	0.00189767	1240.000000	2.32148e-07	
1260.000000	0.00169086	1260.000000	0.00189364	1260.000000	0.00185135	1260.000000	0.00184949	1260.000000	0.00189341	1260.000000	2.28711e-07	
1280.000000	0.00168726	1280.000000	0.00188962	1280.000000	0.00184672	1280.000000	0.00184488	1280.000000	0.00188939	1280.000000	2.25378e-07	
1300.000000	0.00168389	1300.000000	0.00188581	1300.000000	0.0018423 	1300.000000	0.00184046	1300.000000	0.00188559	1300.000000	2.22144e-07	
1320.000000	0.00168072	1320.000000	0.00188221	1320.000000	0.00183808	1320.000000	0.00183623	1320.000000	0.00188199	1320.000000	2.19004e-07	
1340.000000	0.00167776	1340.000000	0.00187882	1340.000000	0.00183405	1340.000000	0.00183218	1340.000000	0.0018786 	1340.000000	2.15955e-07	
1360.000000	0.001675  	1360.000000	0.00187562	1360.000000	0.0018302 	1360.000000	0.0018283 	1360.000000	0.0018754 	1360.000000	2.12992e-07	
1380.000000	0.00167242	1380.000000	0.0018726 	1380.000000	0.00182651	1380.000000	0.00182458	1380.000000	0.00187239	1380.000000	2.10112e-07	
1400.000000	0.00167003	1400.000000	0.00186975	1400.000000	0.00182298	1400.000000	0.00182103	1400.000000	0.00186955	1400.000000	2.07311e-07	
1420.000000	0.0016678 	1420.000000	0.00186708	1420.000000	0.00181959	1420.000000	0.00181762	1420.000000	0.00186688	1420.000000	2.04587e-07	
1440.000000	0.00166575	1440.000000	0.00186457	1440.000000	0.00181634	1440.000000	0.00181435	1440.000000	0.00186437	1440.000000	2.01935e-07	
1460.000000	0.00166385	1460.000000	0.00186221	1460.000000	0.00181321	1460.000000	0.00181122	1460.000000	0.00186201	1460.000000	1.99353e-07	
1480.000000	0.00166211	1480.000000	0.00186001	1480.000000	0.00181021	1480.000000	0.00180821	1480.000000	0.00185981	1480.000000	1.96839e-07	
1500.000000	0.00166051	1500.000000	0.00185794	1500.000000	0.00180733	1500.000000	0.00180534	1500.000000	0.00185775	1500.000000	1.94389e-07	
1520.000000	0.00165906	1520.000000	0.00185602	1520.000000	0.00180457	1520.000000	0.00180258	1520.000000	0.00185582	1520.000000	1.92002e-07	
1540.000000	0.00165774	1540.000000	0.00185422	1540.000000	0.00180191	1540.000000	0.00179993	1540.000000	0.00185403	1540.000000	1.89674e-07	
1560.000000	0.00165656	1560.000000	0.00185256	1560.000000	0.00179936	1560.000000	0.00179739	1560.000000	0.00185237	1560.000000	1.87404e-07	
1580.000000	0.00165551	1580.000000	0.00185101	1580.000000	0.00179692	1580.000000	0.00179496	1580.000000	0.00185083	1580.000000	1.8519e-07	
1600.000000	0.00165458	1600.000000	0.00184959	1600.000000	0.00179458	1600.000000	0.00179263	1600.000000	0.00184941	1600.000000	1.83028e-07	
1620.000000	0.00165377	1620.000000	0.00184828	1620.000000	0.00179233	1620.000000	0.00179039	1620.000000	0.0018481 	1620.000000	1.80919e-07	
1640.000000	0.00165308	1640.000000	0.00184707	1640.000000	0.00179018	1640.000000	0.00178824	1640.000000	0.0018469 	1640.000000	1.78859e-07	
1660.000000	0.0016525 	1660.000000	0.00184598	1660.000000	0.00178812	1660.000000	0.00178619	1660.000000	0.0018458 	1660.000000	1.76846e-07	
1680.000000	0.00165202	1680.000000	0.00184498	1680.000000	0.00178614	1680.000000	0.00178421	1680.000000	0.00184481	1680.000000	1.7488e-07	
1700.000000	0.00165165	1700.000000	0.00184409	1700.000000	0.00178425	1700.000000	0.00178232	1700.000000	0.00184392	1700.000000	1.72959e-07	
1750.000000	0.00165117	1750.000000	0.00184226	1750.000000	0.00177984	1750.000000	0.00177793	1750.000000	0.00184209	1750.000000	1.68341e-07	
1800.000000	0.00165126	1800.000000	0.00184097	1800.000000	0.00177588	1800.000000	0.00177397	1800.000000	0.00184081	1800.000000	1.63971e-07	
1850.000000	0.00165191	1850.000000	0.00184019	1850.000000	0.00177232	1850.000000	0.00177042	1850.000000	0.00184003	1850.000000	1.59829e-07	
1900.000000	0.00165305	1900.000000	0.00183987	1900.000000	0.00176913	1900.000000	0.00176723	1900.000000	0.00183971	1900.000000	1.55897e-07	
1950.000000	0.00165467	1950.000000	0.00183997	1950.000000	0.00176626	1950.000000	0.00176438	1950.000000	0.00183982	1950.000000	1.5216e-07	
2000.000000	0.00165672	2000.000000	0.00184047	2000.000000	0.0017637 	2000.000000	0.00176183	2000.000000	0.00184032	2000.000000	1.48603e-07	
2100.000000	0.00166202	2100.000000	0.00184254	2100.000000	0.0017594 	2100.000000	0.00175753	2100.000000	0.0018424 	2100.000000	1.41981e-07	
2200.000000	0.00166877	2200.000000	0.00184588	2200.000000	0.00175602	2200.000000	0.00175417	2200.000000	0.00184574	2200.000000	1.35941e-07	
2300.000000	0.00167679	2300.000000	0.00185032	2300.000000	0.00175344	2300.000000	0.0017516 	2300.000000	0.00185019	2300.000000	1.30408e-07	
2400.000000	0.00168594	2400.000000	0.00185573	2400.000000	0.00175152	2400.000000	0.00174969	2400.000000	0.0018556 	2400.000000	1.25321e-07	
2500.000000	0.0016961 	2500.000000	0.00186198	2500.000000	0.00175017	2500.000000	0.00174835	2500.000000	0.00186186	2500.000000	1.20627e-07	
2600.000000	0.00170719	2600.000000	0.00186899	2600.000000	0.0017493 	2600.000000	0.00174749	2600.000000	0.00186887	2600.000000	1.16283e-07	
2700.000000	0.0017191 	2700.000000	0.00187666	2700.000000	0.00174886	2700.000000	0.00174705	2700.000000	0.00187654	2700.000000	1.12249e-07	
2800.000000	0.00173177	2800.000000	0.00188492	2800.000000	0.00174877	2800.000000	0.00174697	2800.000000	0.00188481	2800.000000	1.08494e-07	
2900.000000	0.00174513	2900.000000	0.00189371	2900.000000	0.00174899	2900.000000	0.00174719	2900.000000	0.00189361	2900.000000	1.04989e-07	
3000.000000	0.00175913	3000.000000	0.00190298	3000.000000	0.00174947	3000.000000	0.00174768	3000.000000	0.00190288	3000.000000	1.01711e-07	
