613.219 709.855
614.514 1313.08
615.809 2238.92
617.104 3326.08
618.399 5471.15
619.694 7846.54
620.988 10682.6
622.283 14367.4
623.578 18476.6
624.873 24443.9
626.168 30839.4
627.463 38091.2
628.757 46423.8
630.052 55296.8
631.347 65853.4
632.642 76681.1
633.937 88051
635.232 99897.7
636.527 111983
637.821 123753
639.116 135331
640.411 146525
641.706 157397
643.001 168109
644.296 177356
645.59 186232
646.885 194365
648.18 202193
649.475 209870
650.77 216265
652.065 222212
653.36 227261
654.654 232041
655.949 236686
657.244 241899
658.539 247179
659.834 252593
661.128 257121
662.423 261204
663.718 265745
665.013 270121
666.308 274168
667.603 278329
668.898 282547
670.192 286326
671.487 289804
672.782 292678
674.077 295509
675.372 298320
676.667 300010
677.961 301688
679.256 303343
680.551 303699
681.846 303407
683.141 304337
684.436 304835
685.73 304469
687.025 302633
688.32 300063
689.615 298270
690.91 295638
692.205 291329
693.5 287682
694.794 284365
696.089 279889
697.384 274682
698.679 268013
699.974 261764
701.269 255725
702.563 247673
703.858 239926
705.153 232786
706.448 225368
707.743 217812
709.038 208636
710.333 199665
711.627 191105
712.922 181974
714.217 172557
715.512 164076
716.807 155603
718.101 147146
719.396 138130
720.691 128834
721.986 120126
723.281 111349
724.576 102434
725.871 94069.8
727.165 85981.5
728.46 78207.3
729.755 70298.4
731.05 62120.2
732.345 54567
733.64 47326.1
734.934 40399.1
736.229 33915.6
737.524 28319.1
738.819 23384.8
740.114 18781.6
741.409 14615.9
742.704 10933.7
743.998 8218.64
745.293 5802.54
746.588 3535.92
747.883 2403.3
749.178 1431.15
750.473 779.938
