CATS_D2_Y1_Q 0 0 0 
CATS_D2_Y1 0 15 
CATS_D2_Y2_Q 0 1 0
CATS_D2_Y2 260.712 45.5278
CATS_D2_Y3_Q 1.70028 1.07637 -1.18688e-06
CATS_D2_Y3 890.199 43.0004
CATS_D2_Y4_Q 6.91681 1.12073 -2.5073e-06
CATS_D2_Y4 196.584 22.8493
CATS_D2_Y5_Q 3.36068 1.07154 -2.94537e-06
CATS_D2_Y5 171.82 40.6761
CATS_D2_Y6_Q 3.65791 1.09112 -2.79355e-06
CATS_D2_Y6 159.205 40.2918
CATS_D2_Y7_Q 4.18507 1.13421 -4.28615e-06
CATS_D2_Y7 163.033 40.4354
CATS_D2_Y8_Q 2.73232 1.19898 -4.12361e-06
CATS_D2_Y8 191.607 41.4163
CATS_D2_Y9_Q 1.99809 0.952231 -1.06425e-06
CATS_D2_Y9 182.056 35.3674
CATS_D2_Y10_Q 1.87936 1.21276 -9.15677e-07
CATS_D2_Y10 201.796 29.076
CATS_D2_Y11_Q 0.253306 1.03025 -1.43137e-06
CATS_D2_Y11 204.897 34.9288
CATS_D2_Y12_Q 0.384019 1.03203 -1.58696e-06
CATS_D2_Y12 191.879 33.7793
CATS_D2_Y13_Q 4.71161 1.10737 -3.44746e-06
CATS_D2_Y13 110.224 40.3067
CATS_D2_Y14_Q 4.23176 1.08775 -3.75816e-06
CATS_D2_Y14 142.656 33.9398
CATS_D2_Y15_Q 4.34123 1.12916 -3.36628e-06
CATS_D2_Y15 177.636 39.2405
CATS_D2_Y16_Q 5.2482 1.07768 -3.79004e-06
CATS_D2_Y16 129.942 39.9166
CATS_D2_Y17_Q 3.30502 1.00755 -3.19078e-06
CATS_D2_Y17 162.137 37.0499
CATS_D2_Y18_Q 11.2651 1.07535 -4.27666e-06
CATS_D2_Y18 119.246 31.152
CATS_D2_Y19_Q 7.05987 1.04892 -4.66266e-06
CATS_D2_Y19 162.12 32.8754
CATS_D2_Y20_Q 4.67612 1.03595 -3.41122e-06
CATS_D2_Y20 112.224 34.678
CATS_D2_Y21_Q 5.51292 1.00884 -3.62341e-06
CATS_D2_Y21 155.134 32.6983
CATS_D2_Y22_Q -1.36681 0.991834 -2.15639e-06
CATS_D2_Y22 -17.0933 43.8869
CATS_D2_Y23_Q 5.98825 0.998161 -3.47094e-06
CATS_D2_Y23 191.745 35.3852
CATS_D2_Y24_Q 0 0 0
CATS_D2_Y24 0 0
CATS_D2_Y25_Q 11.3572 1.01026 -3.98483e-06
CATS_D2_Y25 189.382 33.1505
CATS_D2_Y26_Q 8.06166 0.958527 -3.25448e-06
CATS_D2_Y26 138.381 33.1038
CATS_D2_Y27_Q 3.68097 0.94478 -1.98691e-06
CATS_D2_Y27 207.095 33.557
CATS_D2_Y28_Q 6.21251 0.571273 -7.78468e-08
CATS_D2_Y28 183.037 34.9579
