CATS_D2_X1_Q 0 0 0 
CATS_D2_X1 0 15 
CATS_D2_X2_Q -3.03087e-12 1 -1.39383e-19
CATS_D2_X2 250.13 46.5662
CATS_D2_X3_Q -2.58728 1.02775 1.49066e-07
CATS_D2_X3 340.653 37.3633
CATS_D2_X4_Q -0.348061 0.979476 9.43469e-07
CATS_D2_X4 339.304 43.2104
CATS_D2_X5_Q 11.2139 0.951726 1.45871e-06
CATS_D2_X5 327.773 35.6466
CATS_D2_X6_Q -2.73299 0.913863 7.41866e-07
CATS_D2_X6 353.335 34.5068
CATS_D2_X7_Q 20.3193 0.905779 3.01017e-07
CATS_D2_X7 295.477 35.8315
CATS_D2_X8_Q 14.6289 0.899362 1.49895e-06
CATS_D2_X8 350.414 36.0181
CATS_D2_X9_Q -0.435361 0.952337 9.68582e-07
CATS_D2_X9 364.711 35.2166
CATS_D2_X10_Q 3.41732 0.947571 1.07553e-06
CATS_D2_X10 354.183 35.3124
CATS_D2_X11_Q 0.943179 0.953823 6.55788e-07
CATS_D2_X11 362.769 34.9902
CATS_D2_X12_Q 2.28325 0.944642 9.90396e-07
CATS_D2_X12 357.969 36.5364
CATS_D2_X13_Q 5.28856 1.00855 5.63189e-07
CATS_D2_X13 353.352 45.9436
CATS_D2_X14_Q 4.65545 0.955434 7.57118e-07
CATS_D2_X14 297.367 43.6028
CATS_D2_X15_Q -0.679674 0.996604 9.23014e-07
CATS_D2_X15 314.567 43.1126
CATS_D2_X16_Q 0.702208 0.943161 7.95509e-07
CATS_D2_X16 361.033 45.2287
CATS_D2_X17_Q 16.6847 0.996719 4.01214e-07
CATS_D2_X17 207.262 41.1296
CATS_D2_X18_Q 23.0613 0.964639 4.6103e-07
CATS_D2_X18 223.963 35.1607
CATS_D2_X19_Q 11.1196 1.04887 -6.79744e-08
CATS_D2_X19 203.383 39.5909
CATS_D2_X20_Q 17.8938 1.00162 3.0075e-07
CATS_D2_X20 198.952 41.0328
CATS_D2_X21_Q 5.66215 0.903649 1.77649e-06
CATS_D2_X21 382.98 47.6042
CATS_D2_X22_Q 23.4149 1.01754 -1.24295e-07
CATS_D2_X22 171.347 33.8989
CATS_D2_X23_Q 15.8752 1.0574 -2.93713e-07
CATS_D2_X23 204.657 39.1488
CATS_D2_X24_Q 2.3567 0.963849 1.19461e-06
CATS_D2_X24 381.511 48.956
CATS_D2_X25_Q 17.438 0.982957 7.88506e-07
CATS_D2_X25 234.561 37.1764
CATS_D2_X26_Q 20.9045 1.02755 -6.64227e-08
CATS_D2_X26 133.674 35.1528
CATS_D2_X27_Q 19.1387 1.14105 -1.52429e-06
CATS_D2_X27 130.621 30.8337
CATS_D2_X28_Q 126.685 0.726757 9.12285e-06
CATS_D2_X28 210.829 36.278
