Energy (MeV/u)1	0 - [He-base] F.Hubert et al, AD&ND Tables 46(1990)1	Energy (MeV/u)2	1 - [H -base] J.F.Ziegler et al, Pergamon Press, NY (low energy)	Energy (MeV/u)3	2 - ATIMA 1.2  LS-theory (recommended for high energy)	Energy (MeV/u)4	3 - ATIMA 1.2  without LS-correction	Energy (MeV/u)5	4 - electrical component of [1] - J.F.Ziegler et al	Energy (MeV/u)6	5 - nuclear component of [1] - J.F.Ziegler et al	
0.001000	6.55588e-05	0.001000	8.86718e-05	0.001000	9.30638e-05	0.001000	9.30638e-05	0.001000	3.28191e-05	0.001000	5.58527e-05	
0.002000	6.5901e-05	0.002000	8.73453e-05	0.002000	9.38681e-05	0.002000	9.38681e-05	0.002000	4.25737e-05	0.002000	4.47716e-05	
0.005000	6.9691e-05	0.005000	8.92671e-05	0.005000	0.000100303	0.005000	0.000100303	0.005000	6.00554e-05	0.005000	2.92117e-05	
0.008000	7.46193e-05	0.008000	9.39857e-05	0.008000	0.000108443	0.008000	0.000108443	0.008000	7.16469e-05	0.008000	2.23388e-05	
0.010000	7.78705e-05	0.010000	9.73887e-05	0.010000	0.000113822	0.010000	0.000113822	0.010000	7.7909e-05	0.010000	1.94797e-05	
0.015000	8.56279e-05	0.015000	0.000108414	0.015000	0.000127049	0.015000	0.000127049	0.015000	9.34317e-05	0.015000	1.49821e-05	
0.020000	9.41919e-05	0.020000	0.00012292	0.020000	0.000142509	0.020000	0.000142509	0.020000	0.0001106 	0.020000	1.23194e-05	
0.025000	0.000105376	0.025000	0.000140066	0.025000	0.000158406	0.025000	0.000158406	0.025000	0.000129585	0.025000	1.04804e-05	
0.030000	0.000116373	0.030000	0.000157308	0.030000	0.000175699	0.030000	0.000175699	0.030000	0.000148148	0.030000	9.16023e-06	
0.035000	0.000126941	0.035000	0.000174386	0.035000	0.000192757	0.035000	0.000192757	0.035000	0.000166198	0.035000	8.18813e-06	
0.040000	0.00013699	0.040000	0.000191077	0.040000	0.000209405	0.040000	0.000209405	0.040000	0.000183657	0.040000	7.41968e-06	
0.045000	0.000146464	0.045000	0.000207255	0.045000	0.000225557	0.045000	0.000225557	0.045000	0.00020046	0.045000	6.79525e-06	
0.050000	0.000154281	0.050000	0.000221215	0.050000	0.000241152	0.050000	0.000241152	0.050000	0.000214938	0.050000	6.27672e-06	
0.055000	0.000163329	0.055000	0.000235863	0.055000	0.000256148	0.055000	0.000256148	0.055000	0.000230025	0.055000	5.83851e-06	
0.060000	0.000172064	0.060000	0.000250052	0.060000	0.000270516	0.060000	0.000270516	0.060000	0.00024459	0.060000	5.46277e-06	
0.070000	0.000188554	0.070000	0.000276926	0.070000	0.000297303	0.070000	0.000297303	0.070000	0.000272076	0.070000	4.85063e-06	
0.080000	0.000203335	0.080000	0.000301352	0.080000	0.000321465	0.080000	0.000321465	0.080000	0.000296981	0.080000	4.37183e-06	
0.090000	0.000216737	0.090000	0.000323517	0.090000	0.000343049	0.090000	0.000343049	0.090000	0.000319531	0.090000	3.98606e-06	
0.100000	0.000228549	0.100000	0.000342962	0.100000	0.000362168	0.100000	0.000362168	0.100000	0.000339294	0.100000	3.66795e-06	
0.120000	0.000246558	0.120000	0.000372088	0.120000	0.000393653	0.120000	0.000393653	0.120000	0.000368915	0.120000	3.17271e-06	
0.140000	0.000261135	0.140000	0.000394728	0.140000	0.000417365	0.140000	0.000417365	0.140000	0.000391924	0.140000	2.80359e-06	
0.160000	0.000272889	0.160000	0.00041196	0.160000	0.000434789	0.160000	0.000434789	0.160000	0.000409443	0.160000	2.51691e-06	
0.180000	0.000282391	0.180000	0.000424857	0.180000	0.000447269	0.180000	0.000447269	0.180000	0.00042257	0.180000	2.28725e-06	
0.200000	0.000292079	0.200000	0.000437315	0.200000	0.00045594	0.200000	0.00045594	0.200000	0.000435216	0.200000	2.09877e-06	
0.250000	0.000306741	0.250000	0.000453933	0.250000	0.000466511	0.250000	0.000466511	0.250000	0.000452186	0.250000	1.74721e-06	
0.300000	0.000315168	0.300000	0.000459696	0.300000	0.000468117	0.300000	0.000468117	0.300000	0.000458194	0.300000	1.50244e-06	
0.350000	0.000322339	0.350000	0.000463087	0.350000	0.000465641	0.350000	0.000465641	0.350000	0.000461766	0.350000	1.32146e-06	
0.400000	0.000328334	0.400000	0.000464728	0.400000	0.000464609	0.400000	0.000464609	0.400000	0.000463546	0.400000	1.18178e-06	
0.450000	0.000332955	0.450000	0.000464661	0.450000	0.000465507	0.450000	0.000465507	0.450000	0.00046359	0.450000	1.07047e-06	
0.500000	0.000336748	0.500000	0.000463798	0.500000	0.000464665	0.500000	0.000464665	0.500000	0.000462818	0.500000	9.79525e-07	
0.600000	0.000329833	0.600000	0.000451309	0.600000	0.000460014	0.600000	0.000460014	0.600000	0.000450469	0.600000	8.39487e-07	
0.700000	0.000322408	0.700000	0.000439312	0.700000	0.000453219	0.700000	0.000453219	0.700000	0.000438575	0.700000	7.36386e-07	
0.800000	0.00031451	0.800000	0.000427304	0.800000	0.000442911	0.800000	0.000442911	0.800000	0.000426647	0.800000	6.57091e-07	
0.900000	0.000306015	0.900000	0.000415169	0.900000	0.000432578	0.900000	0.000432578	0.900000	0.000414575	0.900000	5.9408e-07	
1.000000	0.000297701	1.000000	0.000403778	1.000000	0.000422524	1.000000	0.000422524	1.000000	0.000403236	1.000000	5.42722e-07	
1.250000	0.000289167	1.250000	0.000386412	1.250000	0.000398566	1.250000	0.000398566	1.250000	0.000385964	1.250000	4.47816e-07	
1.500000	0.000277942	1.500000	0.000367124	1.500000	0.000374083	1.500000	0.000374083	1.500000	0.000366741	1.500000	3.82467e-07	
1.750000	0.000267042	1.750000	0.000349334	1.750000	0.000353085	1.750000	0.000353085	1.750000	0.000349  	1.750000	3.34559e-07	
2.000000	0.000256541	2.000000	0.000332799	2.000000	0.000334625	2.000000	0.000334625	2.000000	0.000332501	2.000000	2.9784e-07	
2.250000	0.000244318	2.250000	0.000315815	2.250000	0.000318158	2.250000	0.000318158	2.250000	0.000315546	2.250000	2.68747e-07	
2.500000	0.000240055	2.500000	0.000300213	2.500000	0.000303328	2.500000	0.000303328	2.500000	0.000299968	2.500000	2.45092e-07	
3.000000	0.000218432	3.000000	0.000273043	3.000000	0.00027761	3.000000	0.00027761	3.000000	0.000272834	3.000000	2.08887e-07	
3.500000	0.00020046	3.500000	0.000250638	3.500000	0.00025603	3.500000	0.00025603	3.500000	0.000250455	3.500000	1.82411e-07	
4.000000	0.000185332	4.000000	0.000231543	4.000000	0.000237644	4.000000	0.000237644	4.000000	0.000231381	4.000000	1.6216e-07	
4.500000	0.000172436	4.500000	0.000215292	4.500000	0.000221784	4.500000	0.000221784	4.500000	0.000215146	4.500000	1.46142e-07	
5.000000	0.000161315	5.000000	0.000201277	5.000000	0.000207958	5.000000	0.000207958	5.000000	0.000201144	5.000000	1.33138e-07	
5.500000	0.000151627	5.500000	0.000189242	5.500000	0.000195797	5.500000	0.000195797	5.500000	0.000189119	5.500000	1.22358e-07	
6.000000	0.00014311	6.000000	0.000178625	6.000000	0.000185014	6.000000	0.000185014	6.000000	0.000178511	6.000000	1.1327e-07	
6.500000	0.000135562	6.500000	0.000169174	6.500000	0.000175387	6.500000	0.000175387	6.500000	0.000169068	6.500000	1.05498e-07	
7.000000	0.000128825	7.000000	0.000160704	7.000000	0.000166738	7.000000	0.000166738	7.000000	0.000160605	7.000000	9.87709e-08	
7.500000	0.000122774	7.500000	0.00015307	7.500000	0.000158923	7.500000	0.000158923	7.500000	0.000152977	7.500000	9.28891e-08	
8.000000	0.000117307	8.000000	0.000146151	8.000000	0.000151827	8.000000	0.000151827	8.000000	0.000146064	8.000000	8.76999e-08	
8.500000	0.000112342	8.500000	0.00013985	8.500000	0.000145355	8.500000	0.000145355	8.500000	0.000139767	8.500000	8.3086e-08	
9.000000	0.000107813	9.000000	0.000134084	9.000000	0.000139427	9.000000	0.000139427	9.000000	0.000134005	9.000000	7.89553e-08	
9.500000	0.000103664	9.500000	0.000128788	9.500000	0.000133976	9.500000	0.000133976	9.500000	0.000128713	9.500000	7.52346e-08	
10.000000	9.98471e-05	10.000000	0.00012566	10.000000	0.000128948	10.000000	0.000128948	10.000000	0.000125589	10.000000	7.18648e-08	
11.000000	9.30626e-05	11.000000	0.00011737	11.000000	0.000119791	11.000000	0.000119993	11.000000	0.000117304	11.000000	6.59936e-08	
12.000000	8.72112e-05	12.000000	0.000110141	12.000000	0.000111889	12.000000	0.00011223	12.000000	0.00011008	12.000000	6.10482e-08	
13.000000	8.21101e-05	13.000000	0.000103785	13.000000	0.000105003	13.000000	0.00010544	13.000000	0.000103728	13.000000	5.68226e-08	
14.000000	7.76216e-05	14.000000	9.81533e-05	14.000000	9.89514e-05	14.000000	9.94534e-05	14.000000	9.81002e-05	14.000000	5.31683e-08	
15.000000	7.364e-05 	15.000000	9.313e-05 	15.000000	9.35914e-05	15.000000	9.41387e-05	15.000000	9.308e-05 	15.000000	4.99751e-08	
16.000000	7.00826e-05	16.000000	8.8622e-05	16.000000	8.88162e-05	16.000000	8.93912e-05	16.000000	8.85749e-05	16.000000	4.71599e-08	
17.000000	6.68841e-05	17.000000	8.45544e-05	17.000000	8.45384e-05	17.000000	8.51269e-05	17.000000	8.45097e-05	17.000000	4.46582e-08	
18.000000	6.3992e-05	18.000000	8.08657e-05	18.000000	8.0683e-05	18.000000	8.12777e-05	18.000000	8.08233e-05	18.000000	4.24198e-08	
19.000000	6.13634e-05	19.000000	7.75056e-05	19.000000	7.71914e-05	19.000000	7.77876e-05	19.000000	7.74652e-05	19.000000	4.04046e-08	
20.000000	5.89635e-05	20.000000	7.44321e-05	20.000000	7.4017e-05	20.000000	7.46104e-05	20.000000	7.43935e-05	20.000000	3.85804e-08	
21.000000	5.67631e-05	21.000000	7.161e-05 	21.000000	7.11207e-05	21.000000	7.17074e-05	21.000000	7.15731e-05	21.000000	3.69207e-08	
22.000000	5.4738e-05	22.000000	6.90098e-05	22.000000	6.84694e-05	22.000000	6.9046e-05	22.000000	6.89744e-05	22.000000	3.5404e-08	
23.000000	5.28676e-05	23.000000	6.66062e-05	23.000000	6.60348e-05	23.000000	6.65987e-05	23.000000	6.65722e-05	23.000000	3.40124e-08	
24.000000	5.11346e-05	24.000000	6.43777e-05	24.000000	6.37926e-05	24.000000	6.43419e-05	24.000000	6.4345e-05	24.000000	3.27307e-08	
25.000000	4.95241e-05	25.000000	6.23059e-05	25.000000	6.17221e-05	25.000000	6.22554e-05	25.000000	6.22744e-05	25.000000	3.15462e-08	
27.000000	4.66214e-05	27.000000	5.85704e-05	27.000000	5.80268e-05	27.000000	5.85257e-05	27.000000	5.85409e-05	27.000000	2.94273e-08	
29.000000	4.40763e-05	29.000000	5.52949e-05	29.000000	5.48324e-05	29.000000	5.52956e-05	29.000000	5.52673e-05	29.000000	2.75861e-08	
31.000000	4.18257e-05	31.000000	5.23991e-05	31.000000	5.20129e-05	31.000000	5.24202e-05	31.000000	5.23732e-05	31.000000	2.59707e-08	
33.000000	3.98203e-05	33.000000	4.98204e-05	33.000000	4.94756e-05	33.000000	4.98178e-05	33.000000	4.97959e-05	33.000000	2.45415e-08	
35.000000	3.80216e-05	35.000000	4.75092e-05	35.000000	4.7199e-05	35.000000	4.74889e-05	35.000000	4.74859e-05	35.000000	2.32675e-08	
38.000000	3.5645e-05	38.000000	4.44589e-05	38.000000	4.41968e-05	38.000000	4.442e-05 	38.000000	4.44373e-05	38.000000	2.1596e-08	
41.000000	3.35845e-05	41.000000	4.18183e-05	41.000000	4.15946e-05	41.000000	4.17671e-05	41.000000	4.17981e-05	41.000000	2.01574e-08	
44.000000	3.17798e-05	44.000000	3.95096e-05	44.000000	3.93193e-05	44.000000	3.945e-05 	44.000000	3.94907e-05	44.000000	1.89056e-08	
47.000000	3.01853e-05	47.000000	3.74734e-05	47.000000	3.73095e-05	47.000000	3.74081e-05	47.000000	3.74556e-05	47.000000	1.78061e-08	
50.000000	2.87657e-05	50.000000	3.56639e-05	50.000000	3.55224e-05	50.000000	3.55945e-05	50.000000	3.5647e-05	50.000000	1.68323e-08	
55.000000	2.67155e-05	55.000000	3.30568e-05	55.000000	3.29428e-05	55.000000	3.29829e-05	55.000000	3.30414e-05	55.000000	1.54345e-08	
60.000000	2.49796e-05	60.000000	3.08563e-05	60.000000	3.07679e-05	60.000000	3.07793e-05	60.000000	3.0842e-05	60.000000	1.42591e-08	
65.000000	2.34896e-05	65.000000	2.89732e-05	65.000000	2.8902e-05	65.000000	2.8894e-05	65.000000	2.896e-05 	65.000000	1.32563e-08	
70.000000	2.21959e-05	70.000000	2.7343e-05	70.000000	2.72831e-05	70.000000	2.72619e-05	70.000000	2.73306e-05	70.000000	1.23903e-08	
75.000000	2.10614e-05	75.000000	2.59175e-05	75.000000	2.58689e-05	75.000000	2.58347e-05	75.000000	2.59059e-05	75.000000	1.16346e-08	
80.000000	2.00578e-05	80.000000	2.46601e-05	80.000000	2.46184e-05	80.000000	2.45757e-05	80.000000	2.46492e-05	80.000000	1.09691e-08	
85.000000	1.91632e-05	85.000000	2.35425e-05	85.000000	2.35062e-05	85.000000	2.34566e-05	85.000000	2.35321e-05	85.000000	1.03783e-08	
90.000000	1.83605e-05	90.000000	2.25423e-05	90.000000	2.25106e-05	90.000000	2.24549e-05	90.000000	2.25325e-05	90.000000	9.85027e-09	
95.000000	1.76359e-05	95.000000	2.16418e-05	95.000000	2.16138e-05	95.000000	2.1553e-05	95.000000	2.16325e-05	95.000000	9.37532e-09	
100.000000	1.69782e-05	100.000000	2.08268e-05	100.000000	2.08019e-05	100.000000	2.07366e-05	100.000000	2.08178e-05	100.000000	8.94574e-09	
105.000000	1.63785e-05	105.000000	2.00854e-05	105.000000	2.00633e-05	105.000000	1.99939e-05	105.000000	2.00768e-05	105.000000	8.55526e-09	
110.000000	1.58292e-05	110.000000	1.9408e-05	110.000000	1.93861e-05	110.000000	1.93154e-05	110.000000	1.93998e-05	110.000000	8.19869e-09	
115.000000	1.5324e-05	115.000000	1.87867e-05	115.000000	1.87662e-05	115.000000	1.86929e-05	115.000000	1.87788e-05	115.000000	7.87176e-09	
120.000000	1.48577e-05	120.000000	1.82146e-05	120.000000	1.81953e-05	120.000000	1.81198e-05	120.000000	1.82071e-05	120.000000	7.57087e-09	
125.000000	1.4426e-05	125.000000	1.76862e-05	125.000000	1.76663e-05	125.000000	1.75903e-05	125.000000	1.76789e-05	125.000000	7.29299e-09	
130.000000	1.40249e-05	130.000000	1.71965e-05	130.000000	1.71764e-05	130.000000	1.70997e-05	130.000000	1.71895e-05	130.000000	7.03554e-09	
135.000000	1.36513e-05	135.000000	1.67415e-05	135.000000	1.67227e-05	135.000000	1.66439e-05	135.000000	1.67347e-05	135.000000	6.79632e-09	
140.000000	1.33023e-05	140.000000	1.63175e-05	140.000000	1.62991e-05	140.000000	1.62191e-05	140.000000	1.63109e-05	140.000000	6.57344e-09	
145.000000	1.29756e-05	145.000000	1.59214e-05	145.000000	1.59025e-05	145.000000	1.58224e-05	145.000000	1.59151e-05	145.000000	6.36526e-09	
150.000000	1.2669e-05	150.000000	1.55507e-05	150.000000	1.55315e-05	150.000000	1.5451e-05	150.000000	1.55445e-05	150.000000	6.17036e-09	
155.000000	1.23657e-05	155.000000	1.52028e-05	155.000000	1.51834e-05	155.000000	1.51026e-05	155.000000	1.51968e-05	155.000000	5.98747e-09	
160.000000	1.21094e-05	160.000000	1.48758e-05	160.000000	1.48561e-05	160.000000	1.47752e-05	160.000000	1.487e-05 	160.000000	5.81553e-09	
165.000000	1.18677e-05	165.000000	1.45678e-05	165.000000	1.45479e-05	165.000000	1.44668e-05	165.000000	1.45621e-05	165.000000	5.65355e-09	
170.000000	1.16393e-05	170.000000	1.42772e-05	170.000000	1.42572e-05	170.000000	1.41758e-05	170.000000	1.42717e-05	170.000000	5.50068e-09	
175.000000	1.14232e-05	175.000000	1.40025e-05	175.000000	1.39824e-05	175.000000	1.39009e-05	175.000000	1.39972e-05	175.000000	5.35618e-09	
180.000000	1.12183e-05	180.000000	1.37426e-05	180.000000	1.37223e-05	180.000000	1.36408e-05	180.000000	1.37374e-05	180.000000	5.21935e-09	
185.000000	1.10238e-05	185.000000	1.34961e-05	185.000000	1.34758e-05	185.000000	1.33942e-05	185.000000	1.3491e-05	185.000000	5.0896e-09	
190.000000	1.0839e-05	190.000000	1.32622e-05	190.000000	1.32418e-05	190.000000	1.31601e-05	190.000000	1.32572e-05	190.000000	4.96639e-09	
195.000000	1.0663e-05	195.000000	1.30398e-05	195.000000	1.30195e-05	195.000000	1.29377e-05	195.000000	1.3035e-05	195.000000	4.84923e-09	
200.000000	1.04953e-05	200.000000	1.28282e-05	200.000000	1.28079e-05	200.000000	1.27261e-05	200.000000	1.28234e-05	200.000000	4.73767e-09	
210.000000	1.01825e-05	210.000000	1.24341e-05	210.000000	1.24127e-05	210.000000	1.23322e-05	210.000000	1.24296e-05	210.000000	4.52981e-09	
220.000000	9.89659e-06	220.000000	1.20748e-05	220.000000	1.20534e-05	220.000000	1.19732e-05	220.000000	1.20705e-05	220.000000	4.34007e-09	
230.000000	9.63414e-06	230.000000	1.17458e-05	230.000000	1.17248e-05	230.000000	1.16446e-05	230.000000	1.17416e-05	230.000000	4.16614e-09	
240.000000	9.39238e-06	240.000000	1.14434e-05	240.000000	1.14231e-05	240.000000	1.13429e-05	240.000000	1.14394e-05	240.000000	4.0061e-09	
250.000000	9.16895e-06	250.000000	1.11646e-05	250.000000	1.11442e-05	250.000000	1.10648e-05	250.000000	1.11607e-05	250.000000	3.85833e-09	
260.000000	8.96184e-06	260.000000	1.09067e-05	260.000000	1.08862e-05	260.000000	1.08077e-05	260.000000	1.0903e-05	260.000000	3.72146e-09	
270.000000	8.76932e-06	270.000000	1.06675e-05	270.000000	1.0648e-05	270.000000	1.05694e-05	270.000000	1.06639e-05	270.000000	3.59431e-09	
280.000000	8.58989e-06	280.000000	1.0445e-05	280.000000	1.04264e-05	280.000000	1.03479e-05	280.000000	1.04415e-05	280.000000	3.47586e-09	
290.000000	8.42227e-06	290.000000	1.02376e-05	290.000000	1.0219e-05	290.000000	1.01415e-05	290.000000	1.02342e-05	290.000000	3.36525e-09	
300.000000	8.26534e-06	300.000000	1.00438e-05	300.000000	1.00258e-05	300.000000	9.94877e-06	300.000000	1.00405e-05	300.000000	3.26171e-09	
310.000000	8.11811e-06	310.000000	9.8623e-06	310.000000	9.84532e-06	310.000000	9.76843e-06	310.000000	9.85913e-06	310.000000	3.16457e-09	
320.000000	7.97971e-06	320.000000	9.69202e-06	320.000000	9.67533e-06	320.000000	9.59934e-06	320.000000	9.68895e-06	320.000000	3.07326e-09	
330.000000	7.84938e-06	330.000000	9.53197e-06	330.000000	9.51601e-06	330.000000	9.4405e-06	330.000000	9.52898e-06	330.000000	2.98726e-09	
340.000000	7.72644e-06	340.000000	9.38126e-06	340.000000	9.36658e-06	340.000000	9.29103e-06	340.000000	9.37835e-06	340.000000	2.9061e-09	
350.000000	7.61029e-06	350.000000	9.23912e-06	350.000000	9.22568e-06	350.000000	9.15015e-06	350.000000	9.23629e-06	350.000000	2.8294e-09	
360.000000	7.5004e-06	360.000000	9.10486e-06	360.000000	9.0922e-06	360.000000	9.01718e-06	360.000000	9.1021e-06	360.000000	2.75678e-09	
370.000000	7.39627e-06	370.000000	8.97785e-06	370.000000	8.965e-06 	370.000000	8.89072e-06	370.000000	8.97516e-06	370.000000	2.68793e-09	
380.000000	7.29748e-06	380.000000	8.85754e-06	380.000000	8.84503e-06	380.000000	8.771e-06 	380.000000	8.85492e-06	380.000000	2.62256e-09	
390.000000	7.20363e-06	390.000000	8.74344e-06	390.000000	8.73147e-06	390.000000	8.65752e-06	390.000000	8.74088e-06	390.000000	2.56041e-09	
400.000000	7.11438e-06	400.000000	8.63509e-06	400.000000	8.62327e-06	400.000000	8.54982e-06	400.000000	8.63259e-06	400.000000	2.50123e-09	
410.000000	7.02941e-06	410.000000	8.53208e-06	410.000000	8.5203e-06	410.000000	8.44749e-06	410.000000	8.52963e-06	410.000000	2.44483e-09	
420.000000	6.94841e-06	420.000000	8.43404e-06	420.000000	8.42259e-06	420.000000	8.35015e-06	420.000000	8.43165e-06	420.000000	2.391e-09 	
430.000000	6.87114e-06	430.000000	8.34063e-06	430.000000	8.3297e-06	430.000000	8.25746e-06	430.000000	8.33829e-06	430.000000	2.33958e-09	
440.000000	6.79735e-06	440.000000	8.25155e-06	440.000000	8.2411e-06	440.000000	8.16912e-06	440.000000	8.24926e-06	440.000000	2.2904e-09	
450.000000	6.72681e-06	450.000000	8.16653e-06	450.000000	8.15644e-06	450.000000	8.08483e-06	450.000000	8.16428e-06	450.000000	2.24331e-09	
460.000000	6.65934e-06	460.000000	8.08529e-06	460.000000	8.07544e-06	460.000000	8.00435e-06	460.000000	8.08309e-06	460.000000	2.1982e-09	
470.000000	6.59473e-06	470.000000	8.00761e-06	470.000000	7.99802e-06	470.000000	7.92742e-06	470.000000	8.00545e-06	470.000000	2.15492e-09	
480.000000	6.53283e-06	480.000000	7.93326e-06	480.000000	7.92416e-06	480.000000	7.85384e-06	480.000000	7.93115e-06	480.000000	2.11338e-09	
490.000000	6.47347e-06	490.000000	7.86206e-06	490.000000	7.85368e-06	490.000000	7.7834e-06	490.000000	7.85999e-06	490.000000	2.07347e-09	
500.000000	6.41651e-06	500.000000	7.79382e-06	500.000000	7.7861e-06	500.000000	7.71591e-06	500.000000	7.79179e-06	500.000000	2.03508e-09	
520.000000	6.30927e-06	520.000000	7.66555e-06	520.000000	7.65856e-06	520.000000	7.58915e-06	520.000000	7.66359e-06	520.000000	1.96257e-09	
540.000000	6.21014e-06	540.000000	7.54725e-06	540.000000	7.5413e-06	540.000000	7.47231e-06	540.000000	7.54535e-06	540.000000	1.89523e-09	
560.000000	6.11831e-06	560.000000	7.43786e-06	560.000000	7.4332e-06	560.000000	7.36436e-06	560.000000	7.43603e-06	560.000000	1.8325e-09	
580.000000	6.03305e-06	580.000000	7.33651e-06	580.000000	7.33259e-06	580.000000	7.26438e-06	580.000000	7.33473e-06	580.000000	1.77393e-09	
600.000000	5.95375e-06	600.000000	7.24239e-06	600.000000	7.23904e-06	600.000000	7.17158e-06	600.000000	7.24067e-06	600.000000	1.71912e-09	
620.000000	5.87985e-06	620.000000	7.15484e-06	620.000000	7.15224e-06	620.000000	7.08528e-06	620.000000	7.15317e-06	620.000000	1.6677e-09	
640.000000	5.81087e-06	640.000000	7.07325e-06	640.000000	7.07173e-06	640.000000	7.00487e-06	640.000000	7.07163e-06	640.000000	1.61938e-09	
660.000000	5.7464e-06	660.000000	6.9971e-06	660.000000	6.99648e-06	660.000000	6.92981e-06	660.000000	6.99553e-06	660.000000	1.57387e-09	
680.000000	5.68605e-06	680.000000	6.92591e-06	680.000000	6.92579e-06	680.000000	6.85964e-06	680.000000	6.92438e-06	680.000000	1.53093e-09	
700.000000	5.6295e-06	700.000000	6.85928e-06	700.000000	6.85969e-06	700.000000	6.79393e-06	700.000000	6.85779e-06	700.000000	1.49036e-09	
720.000000	5.57644e-06	720.000000	6.79683e-06	720.000000	6.79799e-06	720.000000	6.73232e-06	720.000000	6.79537e-06	720.000000	1.45195e-09	
740.000000	5.5266e-06	740.000000	6.73822e-06	740.000000	6.74004e-06	740.000000	6.67447e-06	740.000000	6.73681e-06	740.000000	1.41553e-09	
760.000000	5.47975e-06	760.000000	6.68318e-06	760.000000	6.68533e-06	760.000000	6.62009e-06	760.000000	6.6818e-06	760.000000	1.38096e-09	
780.000000	5.43566e-06	780.000000	6.63142e-06	780.000000	6.6337e-06	780.000000	6.56889e-06	780.000000	6.63007e-06	780.000000	1.3481e-09	
800.000000	5.39414e-06	800.000000	6.58271e-06	800.000000	6.58502e-06	800.000000	6.52065e-06	800.000000	6.5814e-06	800.000000	1.31681e-09	
820.000000	5.35502e-06	820.000000	6.53683e-06	820.000000	6.53915e-06	820.000000	6.47514e-06	820.000000	6.53555e-06	820.000000	1.287e-09 	
840.000000	5.31813e-06	840.000000	6.49359e-06	840.000000	6.49597e-06	840.000000	6.43217e-06	840.000000	6.49233e-06	840.000000	1.25855e-09	
860.000000	5.28333e-06	860.000000	6.45279e-06	860.000000	6.45528e-06	860.000000	6.39156e-06	860.000000	6.45156e-06	860.000000	1.23137e-09	
880.000000	5.25047e-06	880.000000	6.41429e-06	880.000000	6.41681e-06	880.000000	6.35314e-06	880.000000	6.41308e-06	880.000000	1.20538e-09	
900.000000	5.21945e-06	900.000000	6.37792e-06	900.000000	6.38031e-06	900.000000	6.31676e-06	900.000000	6.37674e-06	900.000000	1.1805e-09	
920.000000	5.19014e-06	920.000000	6.34356e-06	920.000000	6.34562e-06	920.000000	6.28229e-06	920.000000	6.34241e-06	920.000000	1.15666e-09	
940.000000	5.16245e-06	940.000000	6.31108e-06	940.000000	6.31264e-06	940.000000	6.24961e-06	940.000000	6.30995e-06	940.000000	1.1338e-09	
960.000000	5.13627e-06	960.000000	6.28037e-06	960.000000	6.28132e-06	960.000000	6.21859e-06	960.000000	6.27926e-06	960.000000	1.11186e-09	
980.000000	5.11153e-06	980.000000	6.25131e-06	980.000000	6.25157e-06	980.000000	6.18914e-06	980.000000	6.25022e-06	980.000000	1.09077e-09	
1000.000000	5.08813e-06	1000.000000	6.22381e-06	1000.000000	6.22334e-06	1000.000000	6.16115e-06	1000.000000	6.22274e-06	1000.000000	1.0705e-09	
1020.000000	5.06602e-06	1020.000000	6.19779e-06	1020.000000	6.19655e-06	1020.000000	6.13454e-06	1020.000000	6.19674e-06	1020.000000	1.05099e-09	
1040.000000	5.0451e-06	1040.000000	6.17315e-06	1040.000000	6.17113e-06	1040.000000	6.10923e-06	1040.000000	6.17212e-06	1040.000000	1.03221e-09	
1060.000000	5.02534e-06	1060.000000	6.14983e-06	1060.000000	6.14699e-06	1060.000000	6.08514e-06	1060.000000	6.14881e-06	1060.000000	1.01411e-09	
1080.000000	5.00665e-06	1080.000000	6.12774e-06	1080.000000	6.12402e-06	1080.000000	6.06219e-06	1080.000000	6.12674e-06	1080.000000	9.96649e-10	
1100.000000	4.98899e-06	1100.000000	6.10683e-06	1100.000000	6.10211e-06	1100.000000	6.04033e-06	1100.000000	6.10585e-06	1100.000000	9.79802e-10	
1120.000000	4.97231e-06	1120.000000	6.08703e-06	1120.000000	6.08119e-06	1120.000000	6.01949e-06	1120.000000	6.08606e-06	1120.000000	9.63535e-10	
1140.000000	4.95656e-06	1140.000000	6.06828e-06	1140.000000	6.06117e-06	1140.000000	5.99962e-06	1140.000000	6.06733e-06	1140.000000	9.47817e-10	
1160.000000	4.94169e-06	1160.000000	6.05054e-06	1160.000000	6.04204e-06	1160.000000	5.98067e-06	1160.000000	6.04961e-06	1160.000000	9.32621e-10	
1180.000000	4.92766e-06	1180.000000	6.03374e-06	1180.000000	6.02376e-06	1180.000000	5.96258e-06	1180.000000	6.03283e-06	1180.000000	9.17921e-10	
1200.000000	4.91444e-06	1200.000000	6.01786e-06	1200.000000	6.0063e-06	1200.000000	5.9453e-06	1200.000000	6.01695e-06	1200.000000	9.03692e-10	
1220.000000	4.90198e-06	1220.000000	6.00283e-06	1220.000000	5.98963e-06	1220.000000	5.92881e-06	1220.000000	6.00194e-06	1220.000000	8.89913e-10	
1240.000000	4.89025e-06	1240.000000	5.98862e-06	1240.000000	5.9737e-06	1240.000000	5.91305e-06	1240.000000	5.98774e-06	1240.000000	8.76561e-10	
1260.000000	4.87922e-06	1260.000000	5.97519e-06	1260.000000	5.95849e-06	1260.000000	5.89799e-06	1260.000000	5.97433e-06	1260.000000	8.63618e-10	
1280.000000	4.86886e-06	1280.000000	5.96251e-06	1280.000000	5.94397e-06	1280.000000	5.8836e-06	1280.000000	5.96166e-06	1280.000000	8.51064e-10	
1300.000000	4.85914e-06	1300.000000	5.95054e-06	1300.000000	5.93009e-06	1300.000000	5.86984e-06	1300.000000	5.9497e-06	1300.000000	8.38882e-10	
1320.000000	4.85002e-06	1320.000000	5.93925e-06	1320.000000	5.91683e-06	1320.000000	5.85668e-06	1320.000000	5.93843e-06	1320.000000	8.27055e-10	
1340.000000	4.8415e-06	1340.000000	5.92861e-06	1340.000000	5.90416e-06	1340.000000	5.84409e-06	1340.000000	5.9278e-06	1340.000000	8.15568e-10	
1360.000000	4.83354e-06	1360.000000	5.9186e-06	1360.000000	5.89205e-06	1360.000000	5.83205e-06	1360.000000	5.91779e-06	1360.000000	8.04407e-10	
1380.000000	4.82612e-06	1380.000000	5.90917e-06	1380.000000	5.88047e-06	1380.000000	5.82052e-06	1380.000000	5.90838e-06	1380.000000	7.93557e-10	
1400.000000	4.81922e-06	1400.000000	5.90032e-06	1400.000000	5.86939e-06	1400.000000	5.80949e-06	1400.000000	5.89954e-06	1400.000000	7.83006e-10	
1420.000000	4.81281e-06	1420.000000	5.89202e-06	1420.000000	5.85878e-06	1420.000000	5.79894e-06	1420.000000	5.89124e-06	1420.000000	7.72741e-10	
1440.000000	4.80689e-06	1440.000000	5.88423e-06	1440.000000	5.84862e-06	1440.000000	5.78884e-06	1440.000000	5.88347e-06	1440.000000	7.62751e-10	
1460.000000	4.80143e-06	1460.000000	5.87696e-06	1460.000000	5.83889e-06	1460.000000	5.77916e-06	1460.000000	5.8762e-06	1460.000000	7.53024e-10	
1480.000000	4.79641e-06	1480.000000	5.87016e-06	1480.000000	5.82956e-06	1480.000000	5.7699e-06	1480.000000	5.86941e-06	1480.000000	7.4355e-10	
1500.000000	4.79182e-06	1500.000000	5.86382e-06	1500.000000	5.82063e-06	1500.000000	5.76103e-06	1500.000000	5.86309e-06	1500.000000	7.3432e-10	
1520.000000	4.78764e-06	1520.000000	5.85794e-06	1520.000000	5.81207e-06	1520.000000	5.75254e-06	1520.000000	5.85721e-06	1520.000000	7.25323e-10	
1540.000000	4.78386e-06	1540.000000	5.85248e-06	1540.000000	5.80387e-06	1540.000000	5.74441e-06	1540.000000	5.85176e-06	1540.000000	7.16552e-10	
1560.000000	4.78046e-06	1560.000000	5.84743e-06	1560.000000	5.79602e-06	1560.000000	5.73663e-06	1560.000000	5.84672e-06	1560.000000	7.07998e-10	
1580.000000	4.77743e-06	1580.000000	5.84278e-06	1580.000000	5.78849e-06	1580.000000	5.72917e-06	1580.000000	5.84208e-06	1580.000000	6.99652e-10	
1600.000000	4.77476e-06	1600.000000	5.83851e-06	1600.000000	5.78128e-06	1600.000000	5.72204e-06	1600.000000	5.83782e-06	1600.000000	6.91507e-10	
1620.000000	4.77243e-06	1620.000000	5.83461e-06	1620.000000	5.77437e-06	1620.000000	5.7152e-06	1620.000000	5.83393e-06	1620.000000	6.83555e-10	
1640.000000	4.77044e-06	1640.000000	5.83106e-06	1640.000000	5.76776e-06	1640.000000	5.70866e-06	1640.000000	5.83039e-06	1640.000000	6.75791e-10	
1660.000000	4.76877e-06	1660.000000	5.82786e-06	1660.000000	5.76142e-06	1660.000000	5.7024e-06	1660.000000	5.82719e-06	1660.000000	6.68207e-10	
1680.000000	4.76741e-06	1680.000000	5.82499e-06	1680.000000	5.75535e-06	1680.000000	5.6964e-06	1680.000000	5.82433e-06	1680.000000	6.60797e-10	
1700.000000	4.76636e-06	1700.000000	5.82243e-06	1700.000000	5.74954e-06	1700.000000	5.69067e-06	1700.000000	5.82178e-06	1700.000000	6.53555e-10	
1750.000000	4.76498e-06	1750.000000	5.81736e-06	1750.000000	5.73607e-06	1750.000000	5.67739e-06	1750.000000	5.81673e-06	1750.000000	6.36147e-10	
1800.000000	4.76529e-06	1800.000000	5.81406e-06	1800.000000	5.72401e-06	1800.000000	5.66551e-06	1800.000000	5.81344e-06	1800.000000	6.19672e-10	
1850.000000	4.76717e-06	1850.000000	5.81237e-06	1850.000000	5.71323e-06	1850.000000	5.6549e-06	1850.000000	5.81177e-06	1850.000000	6.04056e-10	
1900.000000	4.7705e-06	1900.000000	5.81219e-06	1900.000000	5.70362e-06	1900.000000	5.64545e-06	1900.000000	5.8116e-06	1900.000000	5.89232e-10	
1950.000000	4.77519e-06	1950.000000	5.81338e-06	1950.000000	5.69508e-06	1950.000000	5.63705e-06	1950.000000	5.8128e-06	1950.000000	5.75141e-10	
2000.000000	4.78115e-06	2000.000000	5.81585e-06	2000.000000	5.68752e-06	2000.000000	5.62961e-06	2000.000000	5.81529e-06	2000.000000	5.6173e-10	
2100.000000	4.79652e-06	2100.000000	5.82425e-06	2100.000000	5.67502e-06	2100.000000	5.6173e-06	2100.000000	5.82372e-06	2100.000000	5.36756e-10	
2200.000000	4.81606e-06	2200.000000	5.83676e-06	2200.000000	5.66553e-06	2200.000000	5.60793e-06	2200.000000	5.83624e-06	2200.000000	5.13974e-10	
2300.000000	4.83928e-06	2300.000000	5.85283e-06	2300.000000	5.65856e-06	2300.000000	5.60105e-06	2300.000000	5.85233e-06	2300.000000	4.93104e-10	
2400.000000	4.86578e-06	2400.000000	5.87201e-06	2400.000000	5.65369e-06	2400.000000	5.59628e-06	2400.000000	5.87154e-06	2400.000000	4.73912e-10	
2500.000000	4.89523e-06	2500.000000	5.89394e-06	2500.000000	5.65062e-06	2500.000000	5.5933e-06	2500.000000	5.89348e-06	2500.000000	4.56204e-10	
2600.000000	4.92733e-06	2600.000000	5.91829e-06	2600.000000	5.64907e-06	2600.000000	5.59185e-06	2600.000000	5.91785e-06	2600.000000	4.3981e-10	
2700.000000	4.96185e-06	2700.000000	5.94479e-06	2700.000000	5.64882e-06	2700.000000	5.5917e-06	2700.000000	5.94437e-06	2700.000000	4.24588e-10	
2800.000000	4.99855e-06	2800.000000	5.97321e-06	2800.000000	5.6497e-06	2800.000000	5.59268e-06	2800.000000	5.9728e-06	2800.000000	4.10417e-10	
2900.000000	5.03727e-06	2900.000000	6.00335e-06	2900.000000	5.65155e-06	2900.000000	5.59463e-06	2900.000000	6.00295e-06	2900.000000	3.97189e-10	
3000.000000	5.07783e-06	3000.000000	6.03502e-06	3000.000000	5.65423e-06	3000.000000	5.5974e-06	3000.000000	6.03464e-06	3000.000000	3.84813e-10	

