   0.0		  0.5625 
   2.500      0.5625    
   5.000      0.5126
   7.500      0.4400    
   10.00      0.3576    
   12.50      0.2777    
   15.00      0.2090    
   17.50      0.1542    
   20.00      0.1124    
   22.50      0.8230E-01
   25.00      0.6235E-01
   27.50      0.4957E-01
   30.00      0.3973E-01
   32.50      0.3012E-01
   35.00      0.2102E-01
   37.50      0.1382E-01
   40.00      0.8849E-02
   42.50      0.5495E-02
   45.00      0.3248E-02
   47.50      0.1931E-02
   50.00      0.1310E-02
   52.50      0.1027E-02
   55.00      0.8610E-03
   57.50      0.7619E-03
   60.00      0.7002E-03
   62.50      0.6196E-03
   65.00      0.5018E-03
   67.50      0.3850E-03
   70.00      0.2985E-03
   72.50      0.2351E-03
   75.00      0.1775E-03
   77.50      0.1254E-03
   80.00      0.8818E-04
   82.50      0.6599E-04
   85.00      0.5158E-04
   87.50      0.3920E-04
   90.00      0.2942E-04
   92.50      0.2407E-04
   95.00      0.2225E-04
   97.50      0.2153E-04
   100.0      0.2032E-04
   102.5      0.1965E-04
   105.0      0.2056E-04
   107.5      0.2278E-04
   110.0      0.2474E-04
   112.5      0.2588E-04
   115.0      0.2744E-04
   117.5      0.2992E-04
   120.0      0.3240E-04
   122.5      0.3335E-04
   125.0      0.3324E-04
   127.5      0.3343E-04
   130.0      0.3451E-04
   132.5      0.3613E-04
   135.0      0.3783E-04
   137.5      0.4010E-04
   140.0      0.4281E-04
   142.5      0.4557E-04
   145.0      0.4781E-04
   147.5      0.4930E-04
   150.0      0.4997E-04
   152.5      0.4978E-04
   155.0      0.5003E-04
   157.5      0.5155E-04
   160.0      0.5415E-04
   162.5      0.5615E-04
   165.0      0.5711E-04
   167.5      0.5915E-04
   170.0      0.6297E-04
   172.5      0.6685E-04
   175.0      0.6678E-04
   177.5      0.6329E-04
   180.0      0.6145E-04
