     1.00  48.905354
     2.00  45.795351
     3.00  40.988070
     4.00  34.986764
     5.00  28.386290
     6.00  21.788630
     7.00  15.723969
     8.00  10.590250
     9.00   6.619579
    10.00   3.873960
    11.00   2.267118
    12.00   1.604723
    13.00   1.633132
    14.00   2.086806
    15.00   2.726705
    16.00   3.365183
    17.00   3.876465
    18.00   4.194724
    19.00   4.303610
    20.00   4.221633
    21.00   3.987281
    22.00   3.646568
    23.00   3.244242
    24.00   2.818741
    25.00   2.400143
    26.00   2.010071
    27.00   1.662611
    28.00   1.365542
    29.00   1.121560
    30.00   0.929388
    31.00   0.784799
    32.00   0.681606
    33.00   0.612601
    34.00   0.570410
    35.00   0.548180
    36.00   0.540047
    37.00   0.541375
    38.00   0.548783
    39.00   0.560023
    40.00   0.573763
    41.00   0.589329
    42.00   0.606450
    43.00   0.625015
    44.00   0.644884
    45.00   0.665747
    46.00   0.687059
    47.00   0.708051
    48.00   0.727800
    49.00   0.745342
    50.00   0.759791
    51.00   0.770432
    52.00   0.776782
    53.00   0.778591
    54.00   0.775818
    55.00   0.768595
    56.00   0.757190
    57.00   0.741990
    58.00   0.723500
    59.00   0.702341
    60.00   0.679244
    61.00   0.655023
    62.00   0.630531
    63.00   0.606596
    64.00   0.583957
    65.00   0.563216
    66.00   0.544790
    67.00   0.528893
    68.00   0.515530
    69.00   0.504503
    70.00   0.495429
    71.00   0.487780
    72.00   0.480929
    73.00   0.474219
    74.00   0.467034
    75.00   0.458867
    76.00   0.449379
    77.00   0.438423
    78.00   0.426039
    79.00   0.412424
    80.00   0.397874
    81.00   0.382733
    82.00   0.367339
    83.00   0.351990
    84.00   0.336936
    85.00   0.322374
    86.00   0.308461
    87.00   0.295327
    88.00   0.283081
    89.00   0.271820
    90.00   0.261625
    91.00   0.252560
    92.00   0.244667
    93.00   0.237954
    94.00   0.232385
    95.00   0.227867
    96.00   0.224243
    97.00   0.221288
    98.00   0.218719
    99.00   0.216221
   100.00   0.213482
   101.00   0.210229
   102.00   0.206269
   103.00   0.201505
   104.00   0.195949
   105.00   0.189705
   106.00   0.182946
   107.00   0.175879
   108.00   0.168718
   109.00   0.161663
   110.00   0.154879
   111.00   0.148500
   112.00   0.142628
   113.00   0.137339
   114.00   0.132692
   115.00   0.128733
   116.00   0.125501
   117.00   0.123030
   118.00   0.121345
   119.00   0.120456
   120.00   0.120346
   121.00   0.120957
   122.00   0.122168
   123.00   0.123799
   124.00   0.125601
   125.00   0.127279
   126.00   0.128521
   127.00   0.129033
   128.00   0.128576
   129.00   0.127000
   130.00   0.124263
   131.00   0.120432
   132.00   0.115676
   133.00   0.110244
   134.00   0.104445
   135.00   0.098622
   136.00   0.093127
   137.00   0.088304
   138.00   0.084468
   139.00   0.081890
   140.00   0.080771
   141.00   0.081238
   142.00   0.083322
   143.00   0.086954
   144.00   0.091962
   145.00   0.098076
   146.00   0.104932
   147.00   0.112088
   148.00   0.119045
   149.00   0.125275
   150.00   0.130261
   151.00   0.133542
   152.00   0.134773
   153.00   0.133774
   154.00   0.130569
   155.00   0.125416
   156.00   0.118807
   157.00   0.111444
   158.00   0.104195
   159.00   0.098038
   160.00   0.093992
   161.00   0.093050
   162.00   0.096118
   163.00   0.103961
   164.00   0.117151
   165.00   0.136033
   166.00   0.160694
   167.00   0.190949
   168.00   0.226334
   169.00   0.266122
   170.00   0.309343
   171.00   0.354823
   172.00   0.401224
   173.00   0.447099
   174.00   0.490942
   175.00   0.531245
   176.00   0.566562
   177.00   0.595578
   178.00   0.617173
   179.00   0.630490
