  0.  1.8497963
  0.100000001  1.85060704
  0.200000003  1.85318649
  0.300000012  1.85738742
  0.400000006  1.86328328
  0.5  1.87087452
  0.600000024  1.88008702
  0.699999988  1.890921
  0.800000012  1.90337622
  0.899999976  1.91730535
  1.  1.93278253
  1.10000002  1.9497335
  1.20000005  1.96815848
  1.29999995  1.98791003
  1.39999998  2.00898838
  1.5  2.03131938
  1.60000002  2.0548296
  1.70000005  2.07951927
  1.79999995  2.10524058
  1.89999998  2.13199353
  2.  2.15963101
  2.0999999  2.18807912
  2.20000005  2.21741176
  2.29999995  2.247334
  2.4000001  2.27791953
  2.5  2.309021
  2.5999999  2.34049082
  2.70000005  2.37240314
  2.79999995  2.40453625
  2.9000001  2.43689036
  3.  2.46924472
  3.0999999  2.50167274
  3.20000005  2.53395343
  3.29999995  2.56608653
  3.4000001  2.59792495
  3.5  2.62946844
  3.5999999  2.66049623
  3.70000005  2.69100809
  3.79999995  2.72093034
  3.9000001  2.75011539
  4.  2.7785635
  4.0999999  2.80612755
  4.19999981  2.83280683
  4.30000019  2.85845447
  4.4000001  2.88299656
  4.5  2.90635943
  4.5999999  2.92854309
  4.69999981  2.94940019
  4.80000019  2.96893072
  4.9000001  2.98706079
  5.  3.00371718
  5.0999999  3.0188992
  5.19999981  3.03253388
  5.30000019  3.04454708
  5.4000001  3.05486488
  5.5  3.06356144
  5.5999999  3.07056308
  5.69999981  3.07579589
  5.80000019  3.07925963
  5.9000001  3.08095479
  6.  3.08080745
  6.0999999  3.07889128
  6.19999981  3.07513261
  6.30000019  3.06960487
  6.4000001  3.06216121
  6.5  3.05294871
  6.5999999  3.04189372
  6.69999981  3.02907014
  6.80000019  3.01447749
  6.9000001  2.99804211
  7.  2.97991204
  7.0999999  2.96001315
  7.19999981  2.93841887
  7.30000019  2.91512966
  7.4000001  2.89029288
  7.5  2.86383462
  7.5999999  2.83582854
  7.69999981  2.80627489
  7.80000019  2.77532077
  7.9000001  2.74289298
  8.  2.70913839
  8.10000038  2.67413068
  8.19999981  2.63779664
  8.30000019  2.60035706
  8.39999962  2.56173825
  8.5  2.52208757
  8.60000038  2.48140526
  8.69999981  2.43976474
  8.80000019  2.39723992
  8.89999962  2.35397816
  9.  2.30990529
  9.10000038  2.26516962
  9.19999981  2.21991754
  9.30000019  2.17400241
  9.39999962  2.12771916
  9.5  2.08099318
  9.60000038  2.0339725
  9.69999981  1.98665726
  9.80000019  1.93912077
  9.89999962  1.89151049
  10.  1.84382665
  10.1000004  1.7961427
  10.1999998  1.7486062
  10.3000002  1.70114338
  10.3999996  1.6539017
  10.5  1.60688114
  10.6000004  1.56022906
  10.6999998  1.51394534
  10.8000002  1.468104
  10.8999996  1.42270482
  11.  1.37789512
  11.1000004  1.33367515
  11.1999998  1.29011858
  11.3000002  1.24729872
  11.3999996  1.20514238
  11.5  1.16379666
  11.6000004  1.12326169
  11.6999998  1.08361101
  11.8000002  1.04491866
  11.8999996  1.00711048
  12.  0.970260501
  12.1000004  0.93436861
  12.1999998  0.899582207
  12.3000002  0.86582762
  12.3999996  0.833104789
  12.5  0.801487505
  12.6000004  0.770975709
  12.6999998  0.741643071
  12.8000002  0.71341598
  12.8999996  0.686345935
  13.  0.660433054
  13.1000004  0.635684609
  13.1999998  0.612107933
  13.3000002  0.589703143
  13.3999996  0.56847018
  13.5  0.548401713
  13.6000004  0.529505014
  13.6999998  0.511772811
  13.8000002  0.495182931
  13.8999996  0.479735434
  14.  0.465422869
  14.1000004  0.452223212
  14.1999998  0.440129012
  14.3000002  0.429110885
  14.3999996  0.419161379
  14.5  0.410265803
  14.6000004  0.402387261
  14.6999998  0.395511061
  14.8000002  0.389615029
  14.8999996  0.384677142
  15.  0.380660474
  15.1000004  0.377550364
  15.1999998  0.375309885
  15.3000002  0.373916954
  15.3999996  0.373342097
  15.5  0.373541087
  15.6000004  0.374506563
  15.6999998  0.376186907
  15.8000002  0.378560036
  15.8999996  0.381596506
  16.  0.385252029
  16.1000004  0.389504492
  16.2000008  0.394317091
  16.2999992  0.399660349
  16.3999996  0.405497402
  16.5  0.411791384
  16.6000004  0.418520182
  16.7000008  0.4256396
  16.7999992  0.433120161
  16.8999996  0.440932333
  17.  0.449046731
  17.1000004  0.457426399
  17.2000008  0.466041952
  17.2999992  0.474856436
  17.3999996  0.483855218
  17.5  0.492986649
  17.6000004  0.5022434
  17.7000008  0.511581123
  17.7999992  0.520985305
  17.8999996  0.530411541
  18.  0.5398525
  18.1000004  0.549271345
  18.2000008  0.558646023
  18.2999992  0.56794697
  18.3999996  0.577166796
  18.5  0.586268783
  18.6000004  0.59523803
  18.7000008  0.604045212
  18.7999992  0.612690151
  18.8999996  0.621136248
  19.  0.629375875
  19.1000004  0.637387097
  19.2000008  0.645155013
  19.2999992  0.652665079
  19.3999996  0.659909785
  19.5  0.666874409
  19.6000004  0.673544288
  19.7000008  0.67990458
  19.7999992  0.685955405
  19.8999996  0.691681862
  20.  0.697076678
  20.1000004  0.702132523
  20.2000008  0.706849337
  20.2999992  0.711212337
  20.3999996  0.715221643
  20.5  0.718884528
  20.6000004  0.722178936
  20.7000008  0.7251122
  20.7999992  0.72769171
  20.8999996  0.729902685
  21.  0.731759906
  21.1000004  0.733256042
  21.2000008  0.734391034
  21.2999992  0.735179603
  21.3999996  0.735614419
  21.5  0.735702813
  21.6000004  0.735444903
  21.7000008  0.734855294
  21.7999992  0.733934045
  21.8999996  0.732695937
  22.  0.731133461
  22.1000004  0.729261458
  22.2000008  0.727087319
  22.2999992  0.724625766
  22.3999996  0.72187674
  22.5  0.718847692
  22.6000004  0.715553284
  22.7000008  0.712008297
  22.7999992  0.708212733
  22.8999996  0.704173982
  23.  0.699914157
  23.1000004  0.695440531
  23.2000008  0.690760612
  23.2999992  0.685881674
  23.3999996  0.68082583
  23.5  0.675593138
  23.6000004  0.670198321
  23.7000008  0.664648652
  23.7999992  0.658966422
  23.8999996  0.653151512
  24.  0.647218645
  24.1000004  0.641182601
  24.2000008  0.635050774
  24.2999992  0.628830492
  24.3999996  0.62253648
  24.5  0.616176188
  24.6000004  0.609764338
  24.7000008  0.603308201
  24.7999992  0.596822619
  24.8999996  0.590307474
  25.  0.583785057
  25.1000004  0.577247858
  25.2000008  0.570725441
  25.2999992  0.564210355
  25.3999996  0.557717323
  25.5  0.551246524
  25.6000004  0.544819832
  25.7000008  0.538444817
  25.7999992  0.532113969
  25.8999996  0.52584213
  26.  0.519643962
  26.1000004  0.513512075
  26.2000008  0.507461369
  26.2999992  0.501491606
  26.3999996  0.495617777
  26.5  0.489839673
  26.6000004  0.484157383
  26.7000008  0.478578299
  26.7999992  0.473117143
  26.8999996  0.467759162
  27.  0.462519079
  27.1000004  0.457396924
  27.2000008  0.452400059
  27.2999992  0.447528511
  27.3999996  0.442782223
  27.5  0.438161254
  27.6000004  0.433672905
  27.7000008  0.429309875
  27.7999992  0.425086856
  27.8999996  0.420996517
  28.  0.417031437
  28.1000004  0.413206398
  28.2000008  0.40951404
  28.2999992  0.405954331
  28.3999996  0.402519912
  28.5  0.399225503
  28.6000004  0.396056414
  28.7000008  0.393020004
  28.7999992  0.390101463
  28.8999996  0.387315631
  29.  0.384655029
  29.1000004  0.382112384
  29.2000008  0.379680276
  29.2999992  0.377373457
  29.3999996  0.375177205
  29.5  0.373091489
  29.6000004  0.37111634
  29.7000008  0.369244367
  29.7999992  0.367468208
  29.8999996  0.365795195
  30.  0.364210635
  30.1000004  0.36272189
  30.2000008  0.361314237
  30.2999992  0.359995008
  30.3999996  0.358749479
  30.5  0.357585013
  30.6000004  0.356494248
  30.7000008  0.355462462
  30.7999992  0.354496986
  30.8999996  0.35359785
  31.  0.35274294
  31.1000004  0.35194698
  31.2000008  0.351195216
  31.2999992  0.350487739
  31.3999996  0.349824399
  31.5  0.349190593
  31.6000004  0.348593622
  31.7000008  0.348018765
  31.7999992  0.347466022
  31.8999996  0.346942753
  32.  0.346426845
  32.0999985  0.345925689
  32.2000008  0.345431894
  32.2999992  0.344952852
  32.4000015  0.344466418
  32.5  0.343980014
  32.5999985  0.34348622
  32.7000008  0.342992425
  32.7999992  0.342483908
  32.9000015  0.341960639
  33.  0.341415226
  33.0999985  0.340855122
  33.2000008  0.340272903
  33.2999992  0.339668542
  33.4000015  0.339034736
  33.5  0.338371456
  33.5999985  0.33767128
  33.7000008  0.336941659
  33.7999992  0.336175174
  33.9000015  0.335371822
  34.  0.334524274
  34.0999985  0.33363989
  34.2000008  0.332711279
  34.2999992  0.331738442
  34.4000015  0.330713987
  34.5  0.329652727
  34.5999985  0.328539848
  34.7000008  0.327375382
  34.7999992  0.326166719
  34.9000015  0.324906439
  35.  0.3235946
  35.0999985  0.322231144
  35.2000008  0.32081607
  35.2999992  0.319349468
  35.4000015  0.317831248
  35.5  0.316261441
  35.5999985  0.314640015
  35.7000008  0.312974423
  35.7999992  0.311249822
  35.9000015  0.309473664
  36.  0.307653278
  36.0999985  0.305781305
  36.2000008  0.303857714
  36.2999992  0.301889926
  36.4000015  0.299870551
  36.5  0.297806948
  36.5999985  0.29569912
  36.7000008  0.293547094
  36.7999992  0.291350812
  36.9000015  0.289110363
  37.  0.286833048
  37.0999985  0.284511477
  37.2000008  0.282160431
  37.2999992  0.279765189
  37.4000015  0.277340472
  37.5  0.274878889
  37.5999985  0.272380471
  37.7000008  0.26985994
  37.7999992  0.267309904
  37.9000015  0.264730394
  38.  0.262121409
  38.0999985  0.259490341
  38.2000008  0.25683713
  38.2999992  0.254169196
  38.4000015  0.251479149
  38.5  0.248766959
  38.5999985  0.246040076
  38.7000008  0.243305817
  38.7999992  0.240556791
  38.9000015  0.237800404
  39.  0.23502931
  39.0999985  0.232258171
  39.2000008  0.229472324
  39.2999992  0.226693824
  39.4000015  0.223907962
  39.5  0.221122101
  39.5999985  0.218343616
  39.7000008  0.215557754
  39.7999992  0.21278663
  39.9000015  0.21001552
  40.  0.207259133
  40.0999985  0.204502761
  40.2000008  0.201761112
  40.2999992  0.199034214
  40.4000015  0.196322054
  40.5  0.193624645
  40.5999985  0.19094196
  40.7000008  0.188274011
  40.7999992  0.185628191
  40.9000015  0.182997108
  41.  0.180388108
  41.0999985  0.177808627
  41.2000008  0.175243869
  41.2999992  0.172708571
  41.4000015  0.170195401
  41.5  0.167711705
  41.5999985  0.165250137
  41.7000008  0.162825406
  41.7999992  0.160422787
  41.9000015  0.158042282
  42.  0.155698612
  42.0999985  0.153391808
  42.2000008  0.151107103
  42.2999992  0.148859262
  42.4000015  0.146640897
  42.5  0.144452006
  42.5999985  0.142299965
  42.7000008  0.140177399
  42.7999992  0.138091683
  42.9000015  0.136035457
  43.  0.134023458
  43.0999985  0.132033542
  43.2000008  0.130087867
  43.2999992  0.128171667
  43.4000015  0.126284942
  43.5  0.124442443
  43.5999985  0.122629426
  43.7000008  0.120853253
  43.7999992  0.119106568
  43.9000015  0.117396735
  44.  0.115716368
  44.0999985  0.114080228
  44.2000008  0.112466194
  44.2999992  0.110889018
  44.4000015  0.109348685
  44.5  0.107837833
  44.5999985  0.106356464
  44.7000008  0.104911946
  44.7999992  0.103496902
  44.9000015  0.102111347
  45.  0.100762635
  45.0999985  0.0994360372
  45.2000008  0.0981462896
  45.2999992  0.0968786478
  45.4000015  0.095640488
  45.5  0.0944318101
  45.5999985  0.0932526067
  45.7000008  0.0921028927
  45.7999992  0.0909752771
  45.9000015  0.0898697823
  46.  0.0887937546
  46.0999985  0.0877398476
  46.2000008  0.0867080539
  46.2999992  0.0857057273
  46.4000015  0.0847255215
  46.5  0.0837600529
  46.5999985  0.0828240588
  46.7000008  0.0819028094
  46.7999992  0.0810036659
  46.9000015  0.0801266357
  47.  0.0792643502
  47.0999985  0.078416802
  47.2000008  0.0775913596
  47.2999992  0.0767806545
  47.4000015  0.0759920701
  47.5  0.075210847
  47.5999985  0.0744517371
  47.7000008  0.0736999959
  47.7999992  0.0729659498
  47.9000015  0.0722436905
  48.  0.0715339556
  48.0999985  0.070836015
  48.2000008  0.0701491311
  48.2999992  0.0694733039
  48.4000015  0.0688077882
  48.5  0.0681511238
  48.5999985  0.0675040334
  48.7000008  0.0668650568
  48.7999992  0.0662349239
  48.9000015  0.0656121597
  49.  0.0649960265
  49.0999985  0.0643865317
  49.2000008  0.063783668
  49.2999992  0.0631866977
  49.4000015  0.0625948831
  49.5  0.0620074943
  49.5999985  0.0614252612
  49.7000008  0.0608474575
  49.7999992  0.0602733307
  49.9000015  0.0597028956
  50.  0.0591354072
  50.0999985  0.0585708618
  50.2000008  0.0580092706
  50.2999992  0.0574498884
  50.4000015  0.0568927154
  50.5  0.0563377552
  50.5999985  0.0557842627
  50.7000008  0.0552322529
  50.7999992  0.0546817146
  50.9000015  0.0541326478
  51.  0.0535843223
  51.0999985  0.0530367307
  51.2000008  0.0524906144
  51.2999992  0.0519444942
  51.4000015  0.0513991155
  51.5  0.0508544743
  51.5999985  0.0503098331
  51.7000008  0.0497659221
  51.7999992  0.0492227562
  51.9000015  0.0486795865
  52.  0.0481364168
  52.0999985  0.0475939848
  52.2000008  0.0470515527
  52.2999992  0.0465098582
  52.4000015  0.0459689014
  52.5  0.0454279408
  52.5999985  0.0448877215
  52.7000008  0.0443474986
  52.7999992  0.0438087508
  52.9000015  0.0432700068
  53.  0.0427327342
  53.0999985  0.0421961993
  53.2000008  0.0416611359
  53.2999992  0.04112681
  53.4000015  0.0405932218
  53.5  0.0400618464
  53.5999985  0.0395319425
  53.7000008  0.0390035138
  53.7999992  0.0384765603
  53.9000015  0.0379518159
  54.  0.0374292806
  54.0999985  0.0369089581
  54.2000008  0.0363915861
  54.2999992  0.0358764231
  54.4000015  0.035363473
  54.5  0.0348542035
  54.5999985  0.0343471467
  54.7000008  0.0338437781
  54.7999992  0.03334409
  54.9000015  0.0328473523
  55.  0.0323550366
  55.0999985  0.0318664052
  55.2000008  0.031381458
  55.2999992  0.030900199
  55.4000015  0.0304240957
  55.5  0.0299524162
  55.5999985  0.0294851586
  55.7000008  0.0290230606
  55.7999992  0.0285653826
  55.9000015  0.0281136017
  56.  0.0276662428
  56.0999985  0.0272247791
  56.2000008  0.026788475
  56.2999992  0.026358068
  56.4000015  0.0259335563
  56.5  0.0255142022
  56.5999985  0.0251014829
  56.7000008  0.0246946588
  56.7999992  0.0242944676
  56.9000015  0.0239009093
  57.  0.0235132482
  57.0999985  0.023132218
  57.2000008  0.022757085
  57.2999992  0.0223900601
  57.4000015  0.0220289286
  57.5  0.0216744319
  57.5999985  0.0213273056
  57.7000008  0.0209875479
  57.7999992  0.020654425
  57.9000015  0.0203286707
  58.  0.0200095493
  58.0999985  0.0196977984
  58.2000008  0.019393418
  58.2999992  0.019096408
  58.4000015  0.0188067667
  58.5  0.0185237583
  58.5999985  0.0182488579
  58.7000008  0.0179805886
  58.7999992  0.0177196916
  58.9000015  0.017466899
  59.  0.017220743
  59.0999985  0.0169819538
  59.2000008  0.0167497993
  59.2999992  0.016525751
  59.4000015  0.0163083356
  59.5  0.0160982907
  59.5999985  0.0158956144
  59.7000008  0.0156995729
  59.7999992  0.0155109018
  59.9000015  0.0153288618
  60.  0.0151541941
  60.0999985  0.0149854207
  60.2000008  0.014824017
  60.2999992  0.0146692479
  60.4000015  0.0145211108
  60.5  0.0143796066
  60.5999985  0.0142439995
  60.7000008  0.014115761
  60.7999992  0.0139926821
  60.9000015  0.013876236
  61.  0.0137656862
  61.0999985  0.0136610316
  61.2000008  0.0135622742
  61.2999992  0.0134694111
  61.4000015  0.0133817084
  61.5  0.013299902
  61.5999985  0.0132232541
  61.7000008  0.0131517649
  61.7999992  0.0130854351
  61.9000015  0.0130242631
  62.  0.0129675148
  62.0999985  0.0129159242
  62.2000008  0.0128687574
  62.2999992  0.0128260106
  62.4000015  0.0127876876
  62.5  0.0127537847
  62.5999985  0.0127235679
  62.7000008  0.0126977721
  62.7999992  0.0126756635
  62.9000015  0.0126572382
  63.  0.0126424981
  63.0999985  0.0126307057
  63.2000008  0.0126225986
  63.2999992  0.01261744
  63.4000015  0.012615229
  63.5  0.0126159657
  63.5999985  0.0126196509
  63.7000008  0.0126255471
  63.7999992  0.012634391
  63.9000015  0.0126454458
  64.  0.0126587125
  64.0999985  0.0126741892
  64.1999969  0.0126911392
  64.3000031  0.0127110388
  64.4000015  0.0127316751
  64.5  0.0127545223
  64.5999985  0.0127788428
  64.6999969  0.0128039001
  64.8000031  0.0128311701
  64.9000015  0.0128591759
  65.  0.012888656
  65.0999985  0.0129181352
  65.1999969  0.0129498271
  65.3000031  0.0129815182
  65.4000015  0.0130139459
  65.5  0.0130471103
  65.5999985  0.0130802756
  65.6999969  0.0131149152
  65.8000031  0.0131488163
  65.9000015  0.0131834559
  66.  0.0132180946
  66.0999985  0.0132534709
  66.1999969  0.0132881096
  66.3000031  0.0133227492
  66.4000015  0.0133581245
  66.5  0.0133920265
  66.5999985  0.0134266661
  66.6999969  0.0134605682
  66.8000031  0.0134944692
  66.9000015  0.0135276346
  67.  0.0135607999
  67.0999985  0.0135932276
  67.1999969  0.0136249186
  67.3000031  0.0136566097
  67.4000015  0.0136868274
  67.5  0.0137170432
  67.5999985  0.0137465242
  67.6999969  0.0137752667
  67.8000031  0.0138032725
  67.9000015  0.0138305416
  68.  0.0138563365
  68.0999985  0.0138821322
  68.1999969  0.0139071904
  68.3000031  0.0139307734
  68.4000015  0.0139543572
  68.5  0.0139764678
  68.5999985  0.0139978407
  68.6999969  0.0140184769
  68.8000031  0.0140383756
  68.9000015  0.0140575375
  69.  0.0140752262
  69.0999985  0.0140921772
  69.1999969  0.0141083905
  69.3000031  0.0141238682
  69.4000015  0.0141386082
  69.5  0.0141526107
  69.5999985  0.0141658764
  69.6999969  0.0141776688
  69.8000031  0.0141894603
  69.9000015  0.0141997784
  70.  0.0142100966
  70.0999985  0.0142189413
  70.1999969  0.0142277852
  70.3000031  0.0142351547
  70.4000015  0.0142425252
  70.5  0.0142484214
  70.5999985  0.0142543167
  70.6999969  0.0142594753
  70.8000031  0.0142646348
  70.9000015  0.0142683191
  71.  0.0142720044
  71.0999985  0.0142749529
  71.1999969  0.0142779006
  71.3000031  0.0142801115
  71.4000015  0.0142815858
  71.5  0.0142830592
  71.5999985  0.0142837968
  71.6999969  0.0142845334
  71.8000031  0.0142845334
  71.9000015  0.0142845334
  72.  0.0142845334
  72.0999985  0.0142837968
  72.1999969  0.0142830592
  72.3000031  0.0142823225
  72.4000015  0.0142815858
  72.5  0.0142801115
  72.5999985  0.0142793749
  72.6999969  0.0142779006
  72.8000031  0.0142764263
  72.9000015  0.0142756896
  73.  0.0142742153
  73.0999985  0.014272741
  73.1999969  0.0142720044
  73.3000031  0.0142705301
  73.4000015  0.0142697934
  73.5  0.0142690567
  73.5999985  0.0142683191
  73.6999969  0.0142675824
  73.8000031  0.0142675824
  73.9000015  0.0142675824
  74.  0.0142675824
  74.0999985  0.0142675824
  74.1999969  0.0142683191
  74.3000031  0.0142697934
  74.4000015  0.0142705301
  74.5  0.0142720044
  74.5999985  0.0142742153
  74.6999969  0.0142764263
  74.8000031  0.0142786372
  74.9000015  0.0142815858
  75.  0.0142845334
  75.0999985  0.0142882187
  75.1999969  0.0142919039
  75.3000031  0.0142963259
  75.4000015  0.0143007478
  75.5  0.0143059064
  75.5999985  0.0143110659
  75.6999969  0.0143169621
  75.8000031  0.0143228583
  75.9000015  0.0143294912
  76.  0.0143361241
  76.0999985  0.0143434936
  76.1999969  0.0143508641
  76.3000031  0.0143589713
  76.4000015  0.0143670775
  76.5  0.0143759213
  76.5999985  0.0143847652
  76.6999969  0.0143936099
  76.8000031  0.0144031914
  76.9000015  0.0144135095
  77.  0.01442309
  77.0999985  0.0144341439
  77.1999969  0.014444462
  77.3000031  0.0144555178
  77.4000015  0.0144665726
  77.5  0.0144776283
  77.5999985  0.0144894207
  77.6999969  0.0145012122
  77.8000031  0.0145130046
  77.9000015  0.0145255327
  78.  0.0145373251
  78.0999985  0.0145498533
  78.1999969  0.0145623833
  78.3000031  0.0145749114
  78.4000015  0.0145874415
  78.5  0.0145999696
  78.5999985  0.0146124996
  78.6999969  0.0146250278
  78.8000031  0.0146375578
  78.9000015  0.0146500859
  79.  0.0146626141
  79.0999985  0.0146751441
  79.1999969  0.0146876723
  79.3000031  0.0146994647
  79.4000015  0.0147119947
  79.5  0.0147237862
  79.5999985  0.0147355786
  79.6999969  0.0147466324
  79.8000031  0.0147584248
  79.9000015  0.0147694787
  80.  0.0147805354
  80.0999985  0.0147908526
  80.1999969  0.0148011707
  80.3000031  0.0148114888
  80.4000015  0.0148210693
  80.5  0.0148299132
  80.5999985  0.0148394955
  80.6999969  0.0148476018
  80.8000031  0.0148564456
  80.9000015  0.0148638161
  81.  0.0148719233
  81.0999985  0.0148785561
  81.1999969  0.0148851881
  81.3000031  0.0148910843
  81.4000015  0.0148969805
  81.5  0.01490214
  81.5999985  0.0149072986
  81.6999969  0.0149117205
  81.8000031  0.0149154058
  81.9000015  0.0149183543
  82.  0.014921302
  82.0999985  0.014923512
  82.1999969  0.0149257239
  82.3000031  0.0149264606
  82.4000015  0.0149271982
  82.5  0.0149279339
  82.5999985  0.0149271982
  82.6999969  0.0149264606
  82.8000031  0.0149249863
  82.9000015  0.0149227763
  83.  0.0149205644
  83.0999985  0.0149168801
  83.1999969  0.0149139324
  83.3000031  0.0149095105
  83.4000015  0.01490435
  83.5  0.0148991924
  83.5999985  0.0148932962
  83.6999969  0.0148874
  83.8000031  0.0148800295
  83.9000015  0.0148726599
  84.  0.0148645537
  84.0999985  0.0148564456
  84.1999969  0.0148468651
  84.3000031  0.0148372836
  84.4000015  0.0148277031
  84.5  0.0148166474
  84.5999985  0.0148055935
  84.6999969  0.0147945369
  84.8000031  0.0147820087
  84.9000015  0.0147694787
  85.  0.0147569505
  85.0999985  0.0147429481
  85.1999969  0.0147296824
  85.3000031  0.0147149423
  85.4000015  0.0147002023
  85.5  0.0146847246
  85.5999985  0.0146692479
  85.6999969  0.0146537703
  85.8000031  0.0146368193
  85.9000015  0.0146206059
  86.  0.0146029172
  86.0999985  0.0145859672
  86.1999969  0.014567541
  86.3000031  0.0145498533
  86.4000015  0.0145314289
  86.5  0.014512267
  86.5999985  0.0144931041
  86.6999969  0.0144739421
  86.8000031  0.0144540444
  86.9000015  0.0144341439
  87.  0.0144142453
  87.0999985  0.0143936099
  87.1999969  0.0143729737
  87.3000031  0.0143516008
  87.4000015  0.0143309645
  87.5  0.0143095916
  87.5999985  0.0142882187
  87.6999969  0.0142661082
  87.8000031  0.0142439995
  87.9000015  0.014221889
  88.  0.0141997784
  88.0999985  0.0141776688
  88.1999969  0.0141548216
  88.3000031  0.014132712
  88.4000015  0.0141098648
  88.5  0.0140870176
  88.5999985  0.0140634337
  88.6999969  0.0140405865
  88.8000031  0.0140177403
  88.9000015  0.0139941564
  89.  0.0139705716
  89.0999985  0.0139477244
  89.1999969  0.0139241405
  89.3000031  0.0139005575
  89.4000015  0.0138769727
  89.5  0.0138533888
  89.5999985  0.013829805
  89.6999969  0.0138054835
  89.8000031  0.0137819005
  89.9000015  0.0137583157
  90.  0.0137339951
  90.0999985  0.0137104103
  90.1999969  0.0136860898
  90.3000031  0.0136625059
  90.4000015  0.0136381844
  90.5  0.0136138638
  90.5999985  0.013590279
  90.6999969  0.0135659594
  90.8000031  0.0135416379
  90.9000015  0.0135173164
  91.  0.0134929959
  91.0999985  0.0134686744
  91.1999969  0.0134443538
  91.3000031  0.0134200333
  91.4000015  0.0133957118
  91.5  0.0133706536
  91.5999985  0.0133463331
  91.6999969  0.0133220116
  91.8000031  0.0132969534
  91.9000015  0.0132718952
  92.  0.0132468371
  92.0999985  0.0132225174
  92.1999969  0.0131974593
  92.3000031  0.0131716635
  92.4000015  0.0131466053
  92.5  0.0131215481
  92.5999985  0.0130957533
  92.6999969  0.0130699575
  92.8000031  0.0130448993
  92.9000015  0.0130191045
  93.  0.012992573
  93.0999985  0.0129667781
  93.1999969  0.0129402457
  93.3000031  0.0129144508
  93.4000015  0.0128871817
  93.5  0.0128606502
  93.5999985  0.0128341177
  93.6999969  0.0128068486
  93.8000031  0.0127795804
  93.9000015  0.0127523113
  94.  0.0127250422
  94.0999985  0.0126970354
  94.1999969  0.0126690306
  94.3000031  0.0126410238
  94.4000015  0.012613018
  94.5  0.0125842746
  94.5999985  0.0125555322
  94.6999969  0.0125267887
  94.8000031  0.0124973087
  94.9000015  0.0124685653
  95.  0.0124383494
  95.0999985  0.0124088693
  95.1999969  0.0123793883
  95.3000031  0.0123491716
  95.4000015  0.0123182181
  95.5  0.0122880004
  95.5999985  0.012257047
  95.6999969  0.0122260926
  95.8000031  0.0121951392
  95.9000015  0.0121634481
  96.  0.0121317562
  96.0999985  0.0121000661
  96.1999969  0.012068375
  96.3000031  0.0120359464
  96.4000015  0.0120035186
  96.5  0.0119710909
  96.5999985  0.0119386632
  96.6999969  0.0119054979
  96.8000031  0.0118730702
  96.9000015  0.0118399048
  97.  0.0118060028
  97.0999985  0.0117728384
  97.1999969  0.0117389364
  97.3000031  0.0117050335
  97.4000015  0.0116711315
  97.5  0.0116372304
  97.5999985  0.0116033275
  97.6999969  0.0115694255
  97.8000031  0.0115347868
  97.9000015  0.0115001481
  98.  0.0114655085
  98.0999985  0.0114316074
  98.1999969  0.0113969678
  98.3000031  0.0113623291
  98.4000015  0.0113276895
  98.5  0.0112930508
  98.5999985  0.0112576745
  98.6999969  0.0112230359
  98.8000031  0.0111883972
  98.9000015  0.0111537576
  99.  0.0111191189
  99.0999985  0.0110844802
  99.1999969  0.0110498406
  99.3000031  0.0110152019
  99.4000015  0.0109805632
  99.5  0.0109466612
  99.5999985  0.0109120216
  99.6999969  0.0108781196
  99.8000031  0.0108434809
  99.9000015  0.0108095789
  100.  0.0107756769
  100.099998  0.0107417749
  100.199997  0.0107086096
  100.300003  0.0106747076
  100.400002  0.0106415432
  100.5  0.0106083779
  100.599998  0.0105759501
  100.699997  0.0105427848
  100.800003  0.0105103571
  100.900002  0.0104779284
  101.  0.0104462374
  101.099998  0.0104145473
  101.199997  0.0103828562
  101.300003  0.0103511643
  101.400002  0.0103202108
  101.5  0.0102892574
  101.599998  0.010258303
  101.699997  0.0102280853
  101.800003  0.0101978686
  101.900002  0.0101683894
  102.  0.0101389084
  102.099998  0.0101094283
  102.199997  0.0100806858
  102.300003  0.0100519434
  102.400002  0.0100232
  102.5  0.00999519322
  102.599998  0.00996718835
  102.699997  0.00993991923
  102.800003  0.0099126501
  102.900002  0.00988538098
  103.  0.00985884946
  103.099998  0.00983231701
  103.199997  0.00980652217
  103.300003  0.0097807264
  103.400002  0.00975566823
  103.5  0.009730611
  103.599998  0.00970555283
  103.699997  0.00968049467
  103.800003  0.00965617318
  103.900002  0.00963259023
  104.  0.00960826874
  104.099998  0.00958542153
  104.199997  0.00956183765
  104.300003  0.00953899045
  104.400002  0.00951614417
  104.5  0.00949329697
  104.599998  0.00947118644
  104.699997  0.00944907684
  104.800003  0.00942696631
  104.900002  0.00940559432
  105.  0.00938348379
  105.099998  0.00936211087
  105.199997  0.00934147462
  105.300003  0.0093201017
  105.400002  0.00929946546
  105.5  0.00927883014
  105.599998  0.0092581939
  105.699997  0.00923755765
  105.800003  0.0092169214
  105.900002  0.00919628516
  106.  0.00917638745
  106.099998  0.00915575121
  106.199997  0.00913585164
  106.300003  0.00911521539
  106.400002  0.00909531675
  106.5  0.00907541718
  106.599998  0.00905478187
  106.699997  0.00903488323
  106.800003  0.00901424699
  106.900002  0.00899434742
  107.  0.00897371117
  107.099998  0.00895381346
  107.199997  0.00893317722
  107.300003  0.00891254097
  107.400002  0.00889116805
  107.5  0.0088705318
  107.599998  0.00884989556
  107.699997  0.00882852357
  107.800003  0.00880714972
  107.900002  0.00878504012
  108.  0.00876366626
  108.099998  0.00874155667
  108.199997  0.00871944707
  108.300003  0.00869733747
  108.400002  0.00867449027
  108.5  0.00865164306
  108.599998  0.00862805825
  108.699997  0.00860521197
  108.800003  0.00858089142
  108.900002  0.0085573066
  109.  0.00853298604
  109.099998  0.00850866456
  109.199997  0.00848360732
  109.300003  0.00845854916
  109.400002  0.00843275338
  109.5  0.00840695854
  109.599998  0.00838116463
  109.699997  0.00835463218
  109.800003  0.00832809974
  109.900002  0.00830083061
  110.  0.00827356242
  110.099998  0.00824555568
  110.199997  0.00821754988
  110.300003  0.00818954315
  110.400002  0.0081608016
  110.5  0.00813132059
  110.599998  0.00810257811
  110.699997  0.00807236042
  110.800003  0.00804288127
  110.900002  0.00801266357
  111.  0.00798171014
  111.099998  0.00795075577
  111.199997  0.00791980233
  111.300003  0.00788811129
  111.400002  0.00785715692
  111.5  0.0078247292
  111.599998  0.00779230101
  111.699997  0.00775987282
  111.800003  0.00772744464
  111.900002  0.00769501692
  112.  0.00766185205
  112.099998  0.00762794958
  112.199997  0.00759478519
  112.300003  0.00756088318
  112.400002  0.00752771785
  112.5  0.00749381538
  112.599998  0.00745917717
  112.699997  0.0074252747
  112.800003  0.00739063555
  112.900002  0.00735666044
  113.  0.00732224248
  113.099998  0.00728775095
  113.199997  0.00725325895
  113.300003  0.00721876742
  113.400002  0.00718420232
  113.5  0.00714971079
  113.599998  0.00711521879
  113.699997  0.00708080083
  113.800003  0.00704645691
  113.900002  0.00701218657
  114.  0.00697806338
  114.099998  0.00694401423
  114.199997  0.00691011176
  114.300003  0.00687635737
  114.400002  0.0068428237
  114.5  0.00680943765
  114.599998  0.00677627278
  114.699997  0.00674332865
  114.800003  0.0067106057
  114.900002  0.00667817798
  115.  0.00664597098
  115.099998  0.00661405921
  115.199997  0.00658251531
  115.300003  0.00655126665
  115.400002  0.00652031275
  115.5  0.00648972718
  115.599998  0.00645950995
  115.699997  0.00642966153
  115.800003  0.00640025549
  115.900002  0.00637121731
  116.  0.00634254841
  116.099998  0.006314395
  116.199997  0.00628660992
  116.300003  0.00625934079
  116.400002  0.00623244047
  116.5  0.00620612921
  116.599998  0.00618018722
  116.699997  0.00615476072
  116.800003  0.00612985017
  116.900002  0.0061054551
  117.  0.00608157646
  117.099998  0.00605813973
  117.199997  0.00603529299
  117.300003  0.00601288816
  117.400002  0.00599107286
  117.5  0.00596977351
  117.599998  0.00594899058
  117.699997  0.00592872268
  117.800003  0.00590904476
  117.900002  0.00588980922
  118.  0.00587116275
  118.099998  0.00585303316
  118.199997  0.00583541859
  118.300003  0.00581832044
  118.400002  0.00580173777
  118.5  0.00578567106
  118.599998  0.0057701203
  118.699997  0.0057550855
  118.800003  0.00574049307
  118.900002  0.0057264166
  119.  0.00571278157
  119.099998  0.00569958938
  119.199997  0.00568691269
  119.300003  0.00567467883
  119.400002  0.00566281285
  119.5  0.00565138925
  119.599998  0.00564040802
  119.699997  0.00562972203
  119.800003  0.00561947748
  119.900002  0.00560960174
  120.  0.0056000948
  120.099998  0.00559088215
  120.199997  0.00558196427
  120.300003  0.00557334162
  120.400002  0.00556501281
  120.5  0.00555697968
  120.599998  0.00554916775
  120.699997  0.00554150296
  120.800003  0.00553413294
  120.900002  0.00552691007
  121.  0.00551990885
  121.099998  0.00551298121
  121.199997  0.00550620072
  121.300003  0.0054994938
  121.400002  0.00549293449
  121.5  0.00548637519
  121.599998  0.00547988992
  121.699997  0.00547347777
  121.800003  0.00546699204
  121.900002  0.00546050677
  122.  0.00545394747
  122.099998  0.00544738816
  122.199997  0.00544075528
  122.300003  0.00543397432
  122.400002  0.00542704668
  122.5  0.005420045
  122.599998  0.00541289663
  122.699997  0.00540552661
  122.800003  0.0053979354
  122.900002  0.00539019704
  123.  0.00538216345
  123.099998  0.00537390914
  123.199997  0.00536536006
  123.300003  0.0053565898
  123.400002  0.00534745073
  123.5  0.00533809094
  123.599998  0.00532828877
  123.699997  0.0053181923
  123.800003  0.00530780014
  123.900002  0.00529696653
  124.  0.00528576365
  124.099998  0.0052741929
  124.199997  0.00526218023
  124.300003  0.0052497983
  124.400002  0.00523697445
  124.5  0.00522370869
  124.599998  0.00521007413
  124.699997  0.00519592362
  124.800003  0.00518140476
  124.900002  0.00516636996
  125.  0.00515089324
  125.099998  0.00513497368
  125.199997  0.0051186122
  125.300003  0.00510173524
  125.400002  0.00508448947
  125.5  0.00506672729
  125.599998  0.00504852366
  125.699997  0.00502987765
  125.800003  0.00501071522
  125.900002  0.00499118492
  126.  0.00497121224
  126.099998  0.00495079719
  126.199997  0.00492994022
  126.300003  0.00490871491
  126.400002  0.00488704676
  126.5  0.00486501027
  126.599998  0.00484253233
  126.699997  0.0048197587
  126.800003  0.00479654316
  126.900002  0.00477303332
  127.  0.00474915421
  127.099998  0.0047249808
  127.199997  0.00470051216
  127.300003  0.00467574876
  127.400002  0.00465069106
  127.5  0.00462541217
  127.599998  0.00459983805
  127.699997  0.00457411679
  127.800003  0.00454810075
  127.900002  0.00452201068
  128.  0.00449569989
  128.100006  0.00446924148
  128.199997  0.0044427095
  128.300003  0.00441603037
  128.399994  0.00438935077
  128.5  0.00436252402
  128.600006  0.00433569727
  128.699997  0.00430887053
  128.800003  0.00428204378
  128.899994  0.00425529061
  129.  0.00422853744
  129.100006  0.00420193188
  129.199997  0.0041753999
  129.300003  0.00414894149
  129.399994  0.00412263023
  129.5  0.00409654062
  129.600006  0.00407067221
  129.699997  0.00404495047
  129.800003  0.0040194504
  129.899994  0.00399424508
  130.  0.00396933453
  130.100006  0.00394471874
  130.199997  0.00392039772
  130.300003  0.00389637146
  130.399994  0.00387278758
  130.5  0.00384957204
  130.600006  0.00382672483
  130.699997  0.00380432047
  130.800003  0.00378228398
  130.899994  0.00376076368
  131.  0.00373968529
  131.100006  0.00371912285
  131.199997  0.00369907659
  131.300003  0.00367947249
  131.399994  0.00366045791
  131.5  0.00364195905
  131.600006  0.00362397614
  131.699997  0.00360658322
  131.800003  0.00358977937
  131.899994  0.00357356551
  132.  0.00355794118
  132.100006  0.00354290614
  132.199997  0.00352846109
  132.300003  0.00351460557
  132.399994  0.00350141316
  132.5  0.0034888105
  132.600006  0.00347687118
  132.699997  0.00346552138
  132.800003  0.00345483492
  132.899994  0.00344473799
  133.  0.00343530439
  133.100006  0.00342646055
  133.199997  0.00341827958
  133.300003  0.00341061479
  133.399994  0.00340368715
  133.5  0.00339727523
  133.600006  0.00339152641
  133.699997  0.00338629377
  133.800003  0.00338165066
  133.899994  0.00337767089
  134.  0.00337413326
  134.100006  0.00337118539
  134.199997  0.00336882682
  134.300003  0.00336691085
  134.399994  0.00336551061
  134.5  0.00336462609
  134.600006  0.00336418394
  134.699997  0.00336425751
  134.800003  0.00336469966
  134.899994  0.00336558418
  135.  0.00336691085
  135.100006  0.00336853205
  135.199997  0.00337059586
  135.300003  0.0033728804
  135.399994  0.00337560731
  135.5  0.00337855518
  135.600006  0.00338179828
  135.699997  0.0033852621
  135.800003  0.00338894688
  135.899994  0.00339285308
  136.  0.00339690666
  136.100006  0.00340110762
  136.199997  0.00340538216
  136.300003  0.00340980431
  136.399994  0.0034142998
  136.5  0.00341879553
  136.600006  0.00342329126
  136.699997  0.00342786056
  136.800003  0.00343228271
  136.899994  0.00343670463
  137.  0.00344105298
  137.100006  0.00344525394
  137.199997  0.00344930729
  137.300003  0.00345313968
  137.399994  0.00345682492
  137.5  0.00346028875
  137.600006  0.00346353138
  137.699997  0.00346647948
  137.800003  0.00346913259
  137.899994  0.00347149116
  138.  0.00347348093
  138.100006  0.00347510236
  138.199997  0.00347635522
  138.300003  0.00347723952
  138.399994  0.00347768189
  138.5  0.00347760809
  138.600006  0.00347716594
  138.699997  0.00347620784
  138.800003  0.00347473379
  138.899994  0.00347274402
  139.  0.00347023807
  139.100006  0.00346714258
  139.199997  0.00346353138
  139.300003  0.00345933065
  139.399994  0.00345461373
  139.5  0.00344923371
  139.600006  0.00344326394
  139.699997  0.00343670463
  139.800003  0.0034295558
  139.899994  0.0034217434
  140.  0.00341334171
  140.100006  0.00340427668
  140.199997  0.00339454832
  140.300003  0.00338423019
  140.399994  0.00337332278
  140.5  0.00336175179
  140.600006  0.00334951747
  140.699997  0.00333669386
  140.800003  0.00332328025
  140.899994  0.00330920354
  141.  0.00329453731
  141.100006  0.00327928155
  141.199997  0.00326343603
  141.300003  0.00324700098
  141.399994  0.00323004997
  141.5  0.00321250921
  141.600006  0.00319445273
  141.699997  0.00317588029
  141.800003  0.00315679214
  141.899994  0.0031371878
  142.  0.00311714131
  142.100006  0.00309665268
  142.199997  0.00307579571
  142.300003  0.00305442279
  142.399994  0.00303275487
  142.5  0.00301071862
  142.600006  0.00298831379
  142.699997  0.00296554063
  142.800003  0.00294254604
  142.899994  0.00291933073
  143.  0.00289582019
  143.100006  0.00287216273
  143.199997  0.00284828385
  143.300003  0.00282425759
  143.399994  0.00280008395
  143.5  0.00277591031
  143.600006  0.00275158929
  143.699997  0.0027272685
  143.800003  0.00270294747
  143.899994  0.00267870026
  144.  0.00265445281
  144.100006  0.00263035297
  144.199997  0.00260632671
  144.300003  0.00258244784
  144.399994  0.00255879038
  144.5  0.00253535365
  144.600006  0.0025121381
  144.699997  0.00248921756
  144.800003  0.00246659154
  144.899994  0.0024443341
  145.  0.00242244522
  145.100006  0.00240092492
  145.199997  0.00237984653
  145.300003  0.00235921075
  145.399994  0.00233909069
  145.5  0.00231948635
  145.600006  0.00230032438
  145.699997  0.00228182576
  145.800003  0.00226384285
  145.899994  0.00224652328
  146.  0.00222986704
  146.100006  0.00221380056
  146.199997  0.00219839718
  146.300003  0.00218373095
  146.399994  0.00216980185
  146.5  0.00215660944
  146.600006  0.00214415416
  146.699997  0.00213243579
  146.800003  0.00212152814
  146.899994  0.00211143121
  147.  0.00210214499
  147.100006  0.00209366949
  147.199997  0.00208607852
  147.300003  0.00207929802
  147.399994  0.00207332848
  147.5  0.00206824299
  147.600006  0.00206404203
  147.699997  0.00206072559
  147.800003  0.00205821986
  147.899994  0.00205659843
  148.  0.00205586152
  148.100006  0.00205593533
  148.199997  0.00205689319
  148.300003  0.00205873582
  148.399994  0.00206138892
  148.5  0.00206492655
  148.600006  0.00206927489
  148.699997  0.00207443396
  148.800003  0.0020804035
  148.899994  0.002087184
  149.  0.00209477497
  149.100006  0.00210310309
  149.199997  0.00211216812
  149.300003  0.00212197029
  149.399994  0.00213243579
  149.5  0.00214363821
  149.600006  0.00215550396
  149.699997  0.00216795923
  149.800003  0.00218107784
  149.899994  0.00219478598
  150.  0.00220901007
  150.100006  0.00222382369
  150.199997  0.00223915349
  150.300003  0.0022549252
  150.399994  0.00227106549
  150.5  0.00228772149
  150.600006  0.00230467273
  150.699997  0.00232206588
  150.800003  0.00233968021
  150.899994  0.00235758931
  151.  0.0023757196
  151.100006  0.00239407062
  151.199997  0.00241256948
  151.300003  0.00243121549
  151.399994  0.0024499353
  151.5  0.00246872893
  151.600006  0.00248752232
  151.699997  0.00250631571
  151.800003  0.00252496195
  151.899994  0.00254360819
  152.  0.00256203301
  152.100006  0.00258031068
  152.199997  0.00259836717
  152.300003  0.00261612888
  152.399994  0.00263359584
  152.5  0.0026507678
  152.600006  0.00266757142
  152.699997  0.00268393289
  152.800003  0.00269985199
  152.899994  0.00271532894
  153.  0.00273029017
  153.100006  0.00274466164
  153.199997  0.00275851716
  153.300003  0.00277170958
  153.399994  0.00278423866
  153.5  0.00279610418
  153.600006  0.00280723278
  153.699997  0.00281769829
  153.800003  0.00282735308
  153.899994  0.00283619692
  154.  0.00284423027
  154.100006  0.00285145291
  154.199997  0.00285779103
  154.300003  0.00286331866
  154.399994  0.00286781439
  154.5  0.0028714994
  154.600006  0.00287422608
  154.699997  0.00287592132
  154.800003  0.00287673203
  154.899994  0.00287658465
  155.  0.00287540536
  155.100006  0.0028731944
  155.199997  0.00287002535
  155.300003  0.00286582438
  155.399994  0.00286066532
  155.5  0.00285447459
  155.600006  0.00284725218
  155.699997  0.00283899764
  155.800003  0.00282978523
  155.899994  0.00281954091
  156.  0.00280826492
  156.100006  0.00279610418
  156.199997  0.00278291199
  156.300003  0.00276876171
  156.399994  0.0027536531
  156.5  0.00273758639
  156.600006  0.00272070919
  156.699997  0.00270287367
  156.800003  0.00268415408
  156.899994  0.00266462332
  157.  0.0026442823
  157.100006  0.00262313033
  157.199997  0.00260116765
  157.300003  0.00257854187
  157.399994  0.00255517894
  157.5  0.00253115292
  157.600006  0.00250646309
  157.699997  0.0024811842
  157.800003  0.00245538913
  157.899994  0.00242900476
  158.  0.00240217778
  158.100006  0.00237490865
  158.199997  0.00234719738
  158.300003  0.00231919135
  158.399994  0.00229081698
  158.5  0.00226222142
  158.600006  0.00223333109
  158.699997  0.00220429315
  158.800003  0.00217518164
  158.899994  0.00214599655
  159.  0.00211673765
  159.100006  0.00208747876
  159.199997  0.00205836724
  159.300003  0.00202932954
  159.399994  0.00200043921
  159.5  0.00197184342
  159.600006  0.00194346893
  159.699997  0.00191546301
  159.800003  0.00188782543
  159.899994  0.00186063023
  160.  0.00183387718
  160.100006  0.00180771365
  160.199997  0.00178213976
  160.300003  0.00175715541
  160.399994  0.00173290807
  160.5  0.00170939777
  160.600006  0.00168669818
  160.699997  0.0016648093
  160.800003  0.00164380472
  160.899994  0.00162375835
  161.  0.00160467008
  161.100006  0.00158661359
  161.199997  0.0015695889
  161.300003  0.00155374338
  161.399994  0.00153900334
  161.5  0.00152551627
  161.600006  0.00151328207
  161.699997  0.00150222704
  161.800003  0.00149257237
  161.899994  0.00148424425
  162.  0.00147731649
  162.100006  0.00147178909
  162.199997  0.00146766182
  162.300003  0.00146508228
  162.399994  0.00146397681
  162.5  0.00146441895
  162.600006  0.00146640884
  162.699997  0.00146994647
  162.800003  0.00147510541
  162.899994  0.00148188591
  163.  0.00149021391
  163.100006  0.00150023727
  163.199997  0.00151195552
  163.300003  0.0015252952
  163.399994  0.00154033001
  163.5  0.00155698624
  163.600006  0.00157533749
  163.699997  0.00159538386
  163.800003  0.00161712547
  163.899994  0.00164056197
  164.  0.00166562002
  164.100006  0.00169229938
  164.199997  0.00172067387
  164.300003  0.00175066979
  164.399994  0.00178236072
  164.5  0.00181559962
  164.600006  0.00185038603
  164.699997  0.00188679376
  164.800003  0.00192474911
  164.899994  0.00196417863
  165.  0.00200508209
  165.100006  0.0020475334
  165.199997  0.00209131115
  165.300003  0.00213656295
  165.399994  0.00218314142
  165.5  0.00223104632
  165.600006  0.00228020409
  165.699997  0.00233061495
  165.800003  0.00238227891
  165.899994  0.00243504811
  166.  0.00248892256
  166.100006  0.00254382915
  166.199997  0.00259984098
  166.300003  0.00265673734
  166.399994  0.00271451846
  166.5  0.0027731834
  166.600006  0.00283265929
  166.699997  0.00289287255
  166.800003  0.00295374845
  166.899994  0.00301528815
  167.  0.00307741715
  167.100006  0.00313998852
  167.199997  0.0032030018
  167.300003  0.0032664577
  167.399994  0.00333020813
  167.5  0.00339425355
  167.600006  0.00345844612
  167.699997  0.00352278608
  167.800003  0.00358727365
  167.899994  0.00365168764
  168.  0.0037160276
  168.100006  0.00378029398
  168.199997  0.00384441298
  168.300003  0.00390823744
  168.399994  0.00397176668
  168.5  0.00403492758
  168.600006  0.0040976461
  168.699997  0.00415984914
  168.800003  0.00422153575
  168.899994  0.00428263331
  169.  0.00434299326
  169.100006  0.00440261653
  169.199997  0.00446150312
  169.300003  0.00451950496
  169.399994  0.00457662251
  169.5  0.00463278219
  169.600006  0.0046879095
  169.699997  0.00474200537
  169.800003  0.00479499577
  169.899994  0.00484680664
  170.  0.00489736488
  170.100006  0.00494674407
  170.199997  0.00499479612
  170.300003  0.00504152197
  170.399994  0.00508684805
  170.5  0.00513077294
  170.600006  0.0051732976
  170.699997  0.00521427486
  170.800003  0.0052537783
  170.899994  0.00529173389
  171.  0.00532806804
  171.100006  0.00536285434
  171.199997  0.0053960192
  171.300003  0.00542756263
  171.399994  0.00545741105
  171.5  0.00548563804
  171.600006  0.00551209645
  171.699997  0.00553693343
  171.800003  0.00556000136
  171.899994  0.00558137475
  172.  0.00560105266
  172.100006  0.00561896153
  172.199997  0.00563517585
  172.300003  0.00564969424
  172.399994  0.00566251809
  172.5  0.00567357335
  172.600006  0.00568293314
  172.699997  0.0056906715
  172.800003  0.00569671532
  172.899994  0.00570113724
  173.  0.00570386415
  173.100006  0.00570496963
  173.199997  0.00570452726
  173.300003  0.00570253748
  173.399994  0.00569899939
  173.5  0.00569398794
  173.600006  0.0056874291
  173.699997  0.00567946956
  173.800003  0.0056701093
  173.899994  0.0056594233
  174.  0.00564733613
  174.100006  0.00563399633
  174.199997  0.00561940391
  174.300003  0.00560355838
  174.399994  0.00558660692
  174.5  0.0055685509
  174.600006  0.00554946251
  174.699997  0.00552934268
  174.800003  0.00550826406
  174.899994  0.00548622804
  175.  0.00546338083
  175.100006  0.00543972338
  175.199997  0.00541532831
  175.300003  0.00539019704
  175.399994  0.00536447531
  175.5  0.00533816451
  175.600006  0.00531133777
  175.699997  0.00528399507
  175.800003  0.00525628403
  175.899994  0.00522820419
  176.  0.00519990362
  176.100006  0.00517130783
  176.199997  0.00514256489
  176.300003  0.00511367433
  176.399994  0.00508478377
  176.5  0.00505581964
  176.600006  0.00502692955
  176.699997  0.0049981866
  176.800003  0.00496959081
  176.899994  0.00494129024
  177.  0.0049132104
  177.100006  0.00488542579
  177.199997  0.00485808263
  177.300003  0.0048311823
  177.399994  0.00480479794
  177.5  0.00477892905
  177.600006  0.00475365017
  177.699997  0.00472903438
  177.800003  0.00470508169
  177.899994  0.00468186615
  178.  0.00465938775
  178.100006  0.00463779364
  178.199997  0.00461701024
  178.300003  0.00459711114
  178.399994  0.00457817037
  178.5  0.00456026103
  178.600006  0.00454323646
  178.699997  0.00452731736
  178.800003  0.00451243017
  178.899994  0.00449864799
  179.  0.00448597176
  179.100006  0.00447440054
  179.199997  0.00446400885
  179.300003  0.00445479667
  179.399994  0.00444683712
  179.5  0.00443998259
  179.600006  0.00443445519
  179.699997  0.00443003327
  179.800003  0.00442693802
  179.899994  0.00442509539
