# 179 angles,  1 tensor ranks for 0=projectile
@subtitle   "30P(d,p)31S @ 6 MeV/u MeV   Eexc = 6.5   l = 0   pot: Perey et al."            
@legend ON
@legend x1 0.2
@legend y1 0.8
@g0 type LOGY
@yaxis ticklabel format power
@legend string   0 "Lab energy =   24.0000"
#legend string   0 "Partition=  2 Excit=  2 near/far= 1"
#  Theta       sigma       iT11        T20         T21         T22         Kyy for projectile
   1.000       31.02    
   2.000       29.75    
   3.000       27.74    
   4.000       25.11    
   5.000       22.03    
   6.000       18.67    
   7.000       15.25    
   8.000       11.93    
   9.000       8.886    
   10.00       6.249    
   11.00       4.110    
   12.00       2.521    
   13.00       1.493    
   14.00      0.9994    
   15.00      0.9836    
   16.00       1.366    
   17.00       2.055    
   18.00       2.950    
   19.00       3.957    
   20.00       4.985    
   21.00       5.960    
   22.00       6.821    
   23.00       7.525    
   24.00       8.045    
   25.00       8.369    
   26.00       8.499    
   27.00       8.449    
   28.00       8.239    
   29.00       7.897    
   30.00       7.452    
   31.00       6.935    
   32.00       6.375    
   33.00       5.801    
   34.00       5.236    
   35.00       4.699    
   36.00       4.206    
   37.00       3.768    
   38.00       3.392    
   39.00       3.079    
   40.00       2.830    
   41.00       2.640    
   42.00       2.504    
   43.00       2.415    
   44.00       2.365    
   45.00       2.345    
   46.00       2.348    
   47.00       2.366    
   48.00       2.391    
   49.00       2.418    
   50.00       2.442    
   51.00       2.458    
   52.00       2.465    
   53.00       2.459    
   54.00       2.441    
   55.00       2.410    
   56.00       2.367    
   57.00       2.312    
   58.00       2.246    
   59.00       2.172    
   60.00       2.090    
   61.00       2.003    
   62.00       1.913    
   63.00       1.820    
   64.00       1.726    
   65.00       1.633    
   66.00       1.541    
   67.00       1.452    
   68.00       1.367    
   69.00       1.286    
   70.00       1.209    
   71.00       1.137    
   72.00       1.070    
   73.00       1.008    
   74.00      0.9501    
   75.00      0.8972    
   76.00      0.8487    
   77.00      0.8042    
   78.00      0.7636    
   79.00      0.7266    
   80.00      0.6927    
   81.00      0.6619    
   82.00      0.6338    
   83.00      0.6082    
   84.00      0.5850    
   85.00      0.5640    
   86.00      0.5450    
   87.00      0.5280    
   88.00      0.5128    
   89.00      0.4994    
   90.00      0.4877    
   91.00      0.4776    
   92.00      0.4691    
   93.00      0.4619    
   94.00      0.4561    
   95.00      0.4516    
   96.00      0.4481    
   97.00      0.4455    
   98.00      0.4437    
   99.00      0.4426    
   100.0      0.4419    
   101.0      0.4414    
   102.0      0.4411    
   103.0      0.4406    
   104.0      0.4399    
   105.0      0.4387    
   106.0      0.4370    
   107.0      0.4345    
   108.0      0.4312    
   109.0      0.4271    
   110.0      0.4220    
   111.0      0.4159    
   112.0      0.4088    
   113.0      0.4007    
   114.0      0.3918    
   115.0      0.3820    
   116.0      0.3715    
   117.0      0.3603    
   118.0      0.3486    
   119.0      0.3365    
   120.0      0.3242    
   121.0      0.3118    
   122.0      0.2995    
   123.0      0.2873    
   124.0      0.2754    
   125.0      0.2639    
   126.0      0.2530    
   127.0      0.2427    
   128.0      0.2332    
   129.0      0.2246    
   130.0      0.2169    
   131.0      0.2103    
   132.0      0.2049    
   133.0      0.2008    
   134.0      0.1979    
   135.0      0.1965    
   136.0      0.1966    
   137.0      0.1982    
   138.0      0.2014    
   139.0      0.2062    
   140.0      0.2125    
   141.0      0.2204    
   142.0      0.2299    
   143.0      0.2407    
   144.0      0.2528    
   145.0      0.2661    
   146.0      0.2804    
   147.0      0.2954    
   148.0      0.3111    
   149.0      0.3272    
   150.0      0.3434    
   151.0      0.3595    
   152.0      0.3753    
   153.0      0.3904    
   154.0      0.4047    
   155.0      0.4178    
   156.0      0.4297    
   157.0      0.4400    
   158.0      0.4488    
   159.0      0.4557    
   160.0      0.4608    
   161.0      0.4639    
   162.0      0.4652    
   163.0      0.4647    
   164.0      0.4624    
   165.0      0.4585    
   166.0      0.4531    
   167.0      0.4466    
   168.0      0.4390    
   169.0      0.4307    
   170.0      0.4219    
   171.0      0.4129    
   172.0      0.4040    
   173.0      0.3953    
   174.0      0.3873    
   175.0      0.3800    
   176.0      0.3738    
   177.0      0.3688    
   178.0      0.3651    
   179.0      0.3628    
 END
