# 179 angles,  1 tensor ranks for 0=projectile
@subtitle   "30P(d,p)31S @ 6 MeV/u MeV   Eexc = 6.5   l = 0   pot: Perey et al."            
@legend ON
@legend x1 0.2
@legend y1 0.8
@g0 type LOGY
@yaxis ticklabel format power
@legend string   0 "Lab energy =   12.0000"
#legend string   0 "Partition=  2 Excit=  3 near/far= 1"
#  Theta       sigma       iT11        T20         T21         T22         Kyy for projectile
   1.000       2.722    
   2.000       2.721    
   3.000       2.720    
   4.000       2.723    
   5.000       2.732    
   6.000       2.750    
   7.000       2.781    
   8.000       2.827    
   9.000       2.891    
   10.00       2.976    
   11.00       3.081    
   12.00       3.207    
   13.00       3.352    
   14.00       3.513    
   15.00       3.688    
   16.00       3.871    
   17.00       4.059    
   18.00       4.244    
   19.00       4.423    
   20.00       4.589    
   21.00       4.737    
   22.00       4.864    
   23.00       4.964    
   24.00       5.036    
   25.00       5.077    
   26.00       5.087    
   27.00       5.064    
   28.00       5.010    
   29.00       4.926    
   30.00       4.816    
   31.00       4.680    
   32.00       4.524    
   33.00       4.350    
   34.00       4.162    
   35.00       3.965    
   36.00       3.762    
   37.00       3.557    
   38.00       3.352    
   39.00       3.152    
   40.00       2.959    
   41.00       2.775    
   42.00       2.601    
   43.00       2.440    
   44.00       2.291    
   45.00       2.156    
   46.00       2.035    
   47.00       1.928    
   48.00       1.833    
   49.00       1.751    
   50.00       1.680    
   51.00       1.619    
   52.00       1.568    
   53.00       1.525    
   54.00       1.489    
   55.00       1.458    
   56.00       1.432    
   57.00       1.410    
   58.00       1.390    
   59.00       1.373    
   60.00       1.357    
   61.00       1.341    
   62.00       1.326    
   63.00       1.311    
   64.00       1.296    
   65.00       1.280    
   66.00       1.265    
   67.00       1.249    
   68.00       1.234    
   69.00       1.219    
   70.00       1.205    
   71.00       1.191    
   72.00       1.179    
   73.00       1.169    
   74.00       1.160    
   75.00       1.153    
   76.00       1.149    
   77.00       1.147    
   78.00       1.148    
   79.00       1.151    
   80.00       1.158    
   81.00       1.166    
   82.00       1.178    
   83.00       1.192    
   84.00       1.208    
   85.00       1.227    
   86.00       1.247    
   87.00       1.269    
   88.00       1.292    
   89.00       1.316    
   90.00       1.341    
   91.00       1.367    
   92.00       1.392    
   93.00       1.417    
   94.00       1.441    
   95.00       1.465    
   96.00       1.487    
   97.00       1.508    
   98.00       1.527    
   99.00       1.545    
   100.0       1.561    
   101.0       1.575    
   102.0       1.587    
   103.0       1.597    
   104.0       1.605    
   105.0       1.611    
   106.0       1.616    
   107.0       1.619    
   108.0       1.621    
   109.0       1.622    
   110.0       1.623    
   111.0       1.622    
   112.0       1.622    
   113.0       1.622    
   114.0       1.622    
   115.0       1.623    
   116.0       1.625    
   117.0       1.628    
   118.0       1.633    
   119.0       1.641    
   120.0       1.651    
   121.0       1.663    
   122.0       1.679    
   123.0       1.698    
   124.0       1.720    
   125.0       1.746    
   126.0       1.775    
   127.0       1.808    
   128.0       1.845    
   129.0       1.886    
   130.0       1.930    
   131.0       1.978    
   132.0       2.029    
   133.0       2.084    
   134.0       2.141    
   135.0       2.201    
   136.0       2.264    
   137.0       2.328    
   138.0       2.393    
   139.0       2.460    
   140.0       2.527    
   141.0       2.595    
   142.0       2.661    
   143.0       2.727    
   144.0       2.791    
   145.0       2.853    
   146.0       2.913    
   147.0       2.970    
   148.0       3.023    
   149.0       3.072    
   150.0       3.117    
   151.0       3.158    
   152.0       3.194    
   153.0       3.224    
   154.0       3.250    
   155.0       3.270    
   156.0       3.285    
   157.0       3.295    
   158.0       3.299    
   159.0       3.299    
   160.0       3.294    
   161.0       3.285    
   162.0       3.271    
   163.0       3.255    
   164.0       3.234    
   165.0       3.212    
   166.0       3.187    
   167.0       3.160    
   168.0       3.133    
   169.0       3.105    
   170.0       3.078    
   171.0       3.051    
   172.0       3.025    
   173.0       3.001    
   174.0       2.979    
   175.0       2.960    
   176.0       2.944    
   177.0       2.931    
   178.0       2.921    
   179.0       2.916    
 END
