# 179 angles,  1 tensor ranks for 0=projectile
@subtitle   "30P(d,p)31S @ 6 MeV/u MeV   Eexc = 6.5   l = 0   pot: Perey et al."            
@legend ON
@legend x1 0.2
@legend y1 0.8
@g0 type LOGY
@yaxis ticklabel format power
@legend string   0 "Lab energy =   12.0000"
#legend string   0 "Partition=  2 Excit=  2 near/far= 1"
#  Theta       sigma       iT11        T20         T21         T22         Kyy for projectile
   1.000       127.6    
   2.000       125.3    
   3.000       121.6    
   4.000       116.7    
   5.000       110.6    
   6.000       103.5    
   7.000       95.65    
   8.000       87.28    
   9.000       78.61    
   10.00       69.84    
   11.00       61.18    
   12.00       52.82    
   13.00       44.90    
   14.00       37.57    
   15.00       30.91    
   16.00       24.98    
   17.00       19.82    
   18.00       15.43    
   19.00       11.78    
   20.00       8.848    
   21.00       6.559    
   22.00       4.847    
   23.00       3.635    
   24.00       2.842    
   25.00       2.387    
   26.00       2.192    
   27.00       2.188    
   28.00       2.310    
   29.00       2.503    
   30.00       2.724    
   31.00       2.935    
   32.00       3.111    
   33.00       3.235    
   34.00       3.298    
   35.00       3.295    
   36.00       3.231    
   37.00       3.111    
   38.00       2.947    
   39.00       2.750    
   40.00       2.534    
   41.00       2.312    
   42.00       2.096    
   43.00       1.900    
   44.00       1.732    
   45.00       1.600    
   46.00       1.511    
   47.00       1.469    
   48.00       1.475    
   49.00       1.530    
   50.00       1.630    
   51.00       1.774    
   52.00       1.956    
   53.00       2.171    
   54.00       2.413    
   55.00       2.674    
   56.00       2.949    
   57.00       3.230    
   58.00       3.512    
   59.00       3.788    
   60.00       4.053    
   61.00       4.303    
   62.00       4.533    
   63.00       4.742    
   64.00       4.926    
   65.00       5.084    
   66.00       5.215    
   67.00       5.320    
   68.00       5.398    
   69.00       5.451    
   70.00       5.481    
   71.00       5.489    
   72.00       5.477    
   73.00       5.447    
   74.00       5.401    
   75.00       5.342    
   76.00       5.272    
   77.00       5.193    
   78.00       5.106    
   79.00       5.014    
   80.00       4.917    
   81.00       4.817    
   82.00       4.716    
   83.00       4.614    
   84.00       4.511    
   85.00       4.409    
   86.00       4.307    
   87.00       4.206    
   88.00       4.107    
   89.00       4.008    
   90.00       3.911    
   91.00       3.815    
   92.00       3.720    
   93.00       3.627    
   94.00       3.536    
   95.00       3.446    
   96.00       3.358    
   97.00       3.272    
   98.00       3.189    
   99.00       3.109    
   100.0       3.033    
   101.0       2.960    
   102.0       2.892    
   103.0       2.829    
   104.0       2.772    
   105.0       2.721    
   106.0       2.676    
   107.0       2.638    
   108.0       2.608    
   109.0       2.585    
   110.0       2.570    
   111.0       2.562    
   112.0       2.562    
   113.0       2.569    
   114.0       2.583    
   115.0       2.604    
   116.0       2.631    
   117.0       2.663    
   118.0       2.699    
   119.0       2.739    
   120.0       2.782    
   121.0       2.827    
   122.0       2.872    
   123.0       2.917    
   124.0       2.961    
   125.0       3.002    
   126.0       3.040    
   127.0       3.075    
   128.0       3.105    
   129.0       3.129    
   130.0       3.148    
   131.0       3.162    
   132.0       3.169    
   133.0       3.170    
   134.0       3.165    
   135.0       3.155    
   136.0       3.140    
   137.0       3.122    
   138.0       3.100    
   139.0       3.076    
   140.0       3.051    
   141.0       3.027    
   142.0       3.005    
   143.0       2.986    
   144.0       2.972    
   145.0       2.964    
   146.0       2.965    
   147.0       2.974    
   148.0       2.994    
   149.0       3.026    
   150.0       3.071    
   151.0       3.130    
   152.0       3.204    
   153.0       3.293    
   154.0       3.398    
   155.0       3.519    
   156.0       3.655    
   157.0       3.807    
   158.0       3.972    
   159.0       4.152    
   160.0       4.344    
   161.0       4.547    
   162.0       4.759    
   163.0       4.978    
   164.0       5.203    
   165.0       5.431    
   166.0       5.660    
   167.0       5.887    
   168.0       6.111    
   169.0       6.328    
   170.0       6.536    
   171.0       6.732    
   172.0       6.915    
   173.0       7.083    
   174.0       7.232    
   175.0       7.361    
   176.0       7.470    
   177.0       7.555    
   178.0       7.617    
   179.0       7.655    
 END
