# 179 angles,  1 tensor ranks for 0=projectile
@subtitle   "30P(d,p)31S @ 6 MeV/u MeV   Eexc = 6.5   l = 0   pot: Perey et al."            
@legend ON
@legend x1 0.2
@legend y1 0.8
@g0 type LOGY
@yaxis ticklabel format power
@legend string   0 "Lab energy =   24.0000"
#legend string   0 "Partition=  2 Excit=  1 near/far= 1"
#  Theta       sigma       iT11        T20         T21         T22         Kyy for projectile
   1.000       5.885    
   2.000       6.089    
   3.000       6.408    
   4.000       6.813    
   5.000       7.267    
   6.000       7.729    
   7.000       8.159    
   8.000       8.520    
   9.000       8.784    
   10.00       8.931    
   11.00       8.950    
   12.00       8.845    
   13.00       8.625    
   14.00       8.311    
   15.00       7.928    
   16.00       7.504    
   17.00       7.069    
   18.00       6.651    
   19.00       6.273    
   20.00       5.955    
   21.00       5.710    
   22.00       5.546    
   23.00       5.465    
   24.00       5.462    
   25.00       5.530    
   26.00       5.657    
   27.00       5.830    
   28.00       6.033    
   29.00       6.251    
   30.00       6.470    
   31.00       6.677    
   32.00       6.860    
   33.00       7.011    
   34.00       7.123    
   35.00       7.191    
   36.00       7.215    
   37.00       7.194    
   38.00       7.131    
   39.00       7.029    
   40.00       6.892    
   41.00       6.726    
   42.00       6.538    
   43.00       6.332    
   44.00       6.115    
   45.00       5.891    
   46.00       5.666    
   47.00       5.443    
   48.00       5.227    
   49.00       5.018    
   50.00       4.819    
   51.00       4.631    
   52.00       4.454    
   53.00       4.289    
   54.00       4.134    
   55.00       3.989    
   56.00       3.853    
   57.00       3.724    
   58.00       3.601    
   59.00       3.483    
   60.00       3.368    
   61.00       3.255    
   62.00       3.144    
   63.00       3.034    
   64.00       2.923    
   65.00       2.812    
   66.00       2.700    
   67.00       2.588    
   68.00       2.475    
   69.00       2.362    
   70.00       2.249    
   71.00       2.137    
   72.00       2.025    
   73.00       1.916    
   74.00       1.808    
   75.00       1.704    
   76.00       1.603    
   77.00       1.506    
   78.00       1.413    
   79.00       1.325    
   80.00       1.242    
   81.00       1.164    
   82.00       1.091    
   83.00       1.023    
   84.00      0.9615    
   85.00      0.9049    
   86.00      0.8533    
   87.00      0.8067    
   88.00      0.7647    
   89.00      0.7269    
   90.00      0.6932    
   91.00      0.6631    
   92.00      0.6362    
   93.00      0.6121    
   94.00      0.5905    
   95.00      0.5709    
   96.00      0.5531    
   97.00      0.5367    
   98.00      0.5214    
   99.00      0.5069    
   100.0      0.4931    
   101.0      0.4798    
   102.0      0.4668    
   103.0      0.4539    
   104.0      0.4412    
   105.0      0.4287    
   106.0      0.4161    
   107.0      0.4037    
   108.0      0.3915    
   109.0      0.3794    
   110.0      0.3675    
   111.0      0.3560    
   112.0      0.3450    
   113.0      0.3344    
   114.0      0.3243    
   115.0      0.3149    
   116.0      0.3062    
   117.0      0.2981    
   118.0      0.2909    
   119.0      0.2843    
   120.0      0.2786    
   121.0      0.2735    
   122.0      0.2691    
   123.0      0.2654    
   124.0      0.2623    
   125.0      0.2597    
   126.0      0.2576    
   127.0      0.2559    
   128.0      0.2546    
   129.0      0.2536    
   130.0      0.2529    
   131.0      0.2524    
   132.0      0.2522    
   133.0      0.2523    
   134.0      0.2526    
   135.0      0.2533    
   136.0      0.2543    
   137.0      0.2558    
   138.0      0.2578    
   139.0      0.2603    
   140.0      0.2635    
   141.0      0.2675    
   142.0      0.2724    
   143.0      0.2783    
   144.0      0.2851    
   145.0      0.2931    
   146.0      0.3023    
   147.0      0.3126    
   148.0      0.3241    
   149.0      0.3368    
   150.0      0.3506    
   151.0      0.3654    
   152.0      0.3812    
   153.0      0.3978    
   154.0      0.4151    
   155.0      0.4329    
   156.0      0.4510    
   157.0      0.4692    
   158.0      0.4874    
   159.0      0.5054    
   160.0      0.5229    
   161.0      0.5399    
   162.0      0.5561    
   163.0      0.5714    
   164.0      0.5857    
   165.0      0.5989    
   166.0      0.6110    
   167.0      0.6218    
   168.0      0.6315    
   169.0      0.6399    
   170.0      0.6472    
   171.0      0.6534    
   172.0      0.6586    
   173.0      0.6629    
   174.0      0.6663    
   175.0      0.6690    
   176.0      0.6710    
   177.0      0.6725    
   178.0      0.6735    
   179.0      0.6741    
 END
