# 179 angles,  1 tensor ranks for 0=projectile
@subtitle   "30P(d,p)31S @ 6 MeV/u MeV   Eexc = 6.5   l = 0   pot: Perey et al."            
@legend ON
@legend x1 0.2
@legend y1 0.8
@g0 type LOGY
@yaxis ticklabel format power
@legend string   0 "Lab energy =   24.0000"
#legend string   0 "Partition=  2 Excit=  3 near/far= 1"
#  Theta       sigma       iT11        T20         T21         T22         Kyy for projectile
   1.000       7.375    
   2.000       7.325    
   3.000       7.242    
   4.000       7.131    
   5.000       6.995    
   6.000       6.837    
   7.000       6.662    
   8.000       6.473    
   9.000       6.272    
   10.00       6.061    
   11.00       5.840    
   12.00       5.611    
   13.00       5.371    
   14.00       5.121    
   15.00       4.860    
   16.00       4.587    
   17.00       4.303    
   18.00       4.009    
   19.00       3.707    
   20.00       3.400    
   21.00       3.092    
   22.00       2.786    
   23.00       2.487    
   24.00       2.200    
   25.00       1.929    
   26.00       1.678    
   27.00       1.451    
   28.00       1.250    
   29.00       1.078    
   30.00      0.9357    
   31.00      0.8233    
   32.00      0.7403    
   33.00      0.6852    
   34.00      0.6561    
   35.00      0.6503    
   36.00      0.6647    
   37.00      0.6962    
   38.00      0.7411    
   39.00      0.7962    
   40.00      0.8582    
   41.00      0.9239    
   42.00      0.9908    
   43.00       1.056    
   44.00       1.119    
   45.00       1.177    
   46.00       1.230    
   47.00       1.276    
   48.00       1.316    
   49.00       1.350    
   50.00       1.378    
   51.00       1.400    
   52.00       1.418    
   53.00       1.432    
   54.00       1.443    
   55.00       1.451    
   56.00       1.458    
   57.00       1.464    
   58.00       1.470    
   59.00       1.476    
   60.00       1.482    
   61.00       1.489    
   62.00       1.497    
   63.00       1.506    
   64.00       1.515    
   65.00       1.525    
   66.00       1.536    
   67.00       1.546    
   68.00       1.556    
   69.00       1.566    
   70.00       1.575    
   71.00       1.583    
   72.00       1.589    
   73.00       1.594    
   74.00       1.597    
   75.00       1.598    
   76.00       1.597    
   77.00       1.594    
   78.00       1.588    
   79.00       1.581    
   80.00       1.572    
   81.00       1.560    
   82.00       1.547    
   83.00       1.532    
   84.00       1.516    
   85.00       1.498    
   86.00       1.479    
   87.00       1.460    
   88.00       1.439    
   89.00       1.419    
   90.00       1.397    
   91.00       1.376    
   92.00       1.354    
   93.00       1.333    
   94.00       1.311    
   95.00       1.290    
   96.00       1.270    
   97.00       1.249    
   98.00       1.230    
   99.00       1.210    
   100.0       1.192    
   101.0       1.174    
   102.0       1.156    
   103.0       1.139    
   104.0       1.123    
   105.0       1.107    
   106.0       1.092    
   107.0       1.077    
   108.0       1.063    
   109.0       1.049    
   110.0       1.036    
   111.0       1.023    
   112.0       1.011    
   113.0      0.9985    
   114.0      0.9868    
   115.0      0.9754    
   116.0      0.9643    
   117.0      0.9536    
   118.0      0.9433    
   119.0      0.9334    
   120.0      0.9238    
   121.0      0.9147    
   122.0      0.9061    
   123.0      0.8980    
   124.0      0.8905    
   125.0      0.8836    
   126.0      0.8774    
   127.0      0.8720    
   128.0      0.8673    
   129.0      0.8635    
   130.0      0.8607    
   131.0      0.8588    
   132.0      0.8580    
   133.0      0.8583    
   134.0      0.8597    
   135.0      0.8623    
   136.0      0.8661    
   137.0      0.8711    
   138.0      0.8774    
   139.0      0.8849    
   140.0      0.8935    
   141.0      0.9033    
   142.0      0.9142    
   143.0      0.9261    
   144.0      0.9389    
   145.0      0.9524    
   146.0      0.9667    
   147.0      0.9814    
   148.0      0.9964    
   149.0       1.012    
   150.0       1.027    
   151.0       1.042    
   152.0       1.056    
   153.0       1.070    
   154.0       1.084    
   155.0       1.096    
   156.0       1.107    
   157.0       1.117    
   158.0       1.126    
   159.0       1.133    
   160.0       1.139    
   161.0       1.143    
   162.0       1.146    
   163.0       1.147    
   164.0       1.147    
   165.0       1.145    
   166.0       1.143    
   167.0       1.139    
   168.0       1.134    
   169.0       1.129    
   170.0       1.123    
   171.0       1.117    
   172.0       1.111    
   173.0       1.105    
   174.0       1.099    
   175.0       1.094    
   176.0       1.089    
   177.0       1.085    
   178.0       1.083    
   179.0       1.081    
 END
