# 179 angles,  1 tensor ranks for 0=projectile
@subtitle   "30P(d,p)31S @ 6 MeV/u MeV   Eexc = 6.5   l = 0   pot: Perey et al."            
@legend ON
@legend x1 0.2
@legend y1 0.8
@g0 type LOGY
@yaxis ticklabel format power
@legend string   0 "Lab energy =   12.0000"
#legend string   0 "Partition=  2 Excit=  1 near/far= 1"
#  Theta       sigma       iT11        T20         T21         T22         Kyy for projectile
   1.000       23.78    
   2.000       24.01    
   3.000       24.37    
   4.000       24.85    
   5.000       25.41    
   6.000       26.01    
   7.000       26.60    
   8.000       27.15    
   9.000       27.61    
   10.00       27.94    
   11.00       28.11    
   12.00       28.09    
   13.00       27.88    
   14.00       27.45    
   15.00       26.81    
   16.00       25.96    
   17.00       24.93    
   18.00       23.73    
   19.00       22.39    
   20.00       20.94    
   21.00       19.41    
   22.00       17.84    
   23.00       16.26    
   24.00       14.70    
   25.00       13.18    
   26.00       11.74    
   27.00       10.38    
   28.00       9.127    
   29.00       7.990    
   30.00       6.977    
   31.00       6.089    
   32.00       5.325    
   33.00       4.682    
   34.00       4.154    
   35.00       3.731    
   36.00       3.403    
   37.00       3.159    
   38.00       2.989    
   39.00       2.879    
   40.00       2.820    
   41.00       2.801    
   42.00       2.811    
   43.00       2.842    
   44.00       2.888    
   45.00       2.941    
   46.00       2.998    
   47.00       3.053    
   48.00       3.106    
   49.00       3.153    
   50.00       3.195    
   51.00       3.231    
   52.00       3.263    
   53.00       3.291    
   54.00       3.317    
   55.00       3.343    
   56.00       3.369    
   57.00       3.399    
   58.00       3.433    
   59.00       3.472    
   60.00       3.519    
   61.00       3.573    
   62.00       3.636    
   63.00       3.706    
   64.00       3.785    
   65.00       3.871    
   66.00       3.964    
   67.00       4.062    
   68.00       4.164    
   69.00       4.269    
   70.00       4.375    
   71.00       4.481    
   72.00       4.583    
   73.00       4.682    
   74.00       4.775    
   75.00       4.859    
   76.00       4.935    
   77.00       5.001    
   78.00       5.055    
   79.00       5.096    
   80.00       5.124    
   81.00       5.139    
   82.00       5.140    
   83.00       5.127    
   84.00       5.100    
   85.00       5.061    
   86.00       5.009    
   87.00       4.947    
   88.00       4.873    
   89.00       4.792    
   90.00       4.702    
   91.00       4.607    
   92.00       4.507    
   93.00       4.405    
   94.00       4.301    
   95.00       4.197    
   96.00       4.096    
   97.00       3.998    
   98.00       3.905    
   99.00       3.818    
   100.0       3.737    
   101.0       3.665    
   102.0       3.601    
   103.0       3.546    
   104.0       3.501    
   105.0       3.465    
   106.0       3.440    
   107.0       3.423    
   108.0       3.415    
   109.0       3.416    
   110.0       3.424    
   111.0       3.439    
   112.0       3.460    
   113.0       3.486    
   114.0       3.515    
   115.0       3.546    
   116.0       3.580    
   117.0       3.613    
   118.0       3.645    
   119.0       3.675    
   120.0       3.703    
   121.0       3.726    
   122.0       3.745    
   123.0       3.759    
   124.0       3.767    
   125.0       3.770    
   126.0       3.766    
   127.0       3.756    
   128.0       3.741    
   129.0       3.720    
   130.0       3.694    
   131.0       3.664    
   132.0       3.631    
   133.0       3.596    
   134.0       3.559    
   135.0       3.523    
   136.0       3.487    
   137.0       3.455    
   138.0       3.427    
   139.0       3.404    
   140.0       3.388    
   141.0       3.381    
   142.0       3.384    
   143.0       3.397    
   144.0       3.422    
   145.0       3.461    
   146.0       3.514    
   147.0       3.582    
   148.0       3.666    
   149.0       3.765    
   150.0       3.881    
   151.0       4.014    
   152.0       4.163    
   153.0       4.327    
   154.0       4.508    
   155.0       4.703    
   156.0       4.912    
   157.0       5.133    
   158.0       5.366    
   159.0       5.609    
   160.0       5.861    
   161.0       6.119    
   162.0       6.381    
   163.0       6.646    
   164.0       6.912    
   165.0       7.176    
   166.0       7.436    
   167.0       7.690    
   168.0       7.936    
   169.0       8.171    
   170.0       8.394    
   171.0       8.602    
   172.0       8.795    
   173.0       8.969    
   174.0       9.123    
   175.0       9.256    
   176.0       9.367    
   177.0       9.454    
   178.0       9.517    
   179.0       9.555    
 END
