    0.00   0.12987E+01
    2.00   0.13107E+01
    4.00   0.13432E+01
    6.00   0.13873E+01
    8.00   0.14303E+01
   10.00   0.14582E+01
   12.00   0.14589E+01
   14.00   0.14241E+01
   16.00   0.13510E+01
   18.00   0.12428E+01
   20.00   0.11084E+01
   22.00   0.96070E+00
   24.00   0.81470E+00
   26.00   0.68441E+00
   28.00   0.58040E+00
   30.00   0.50792E+00
   32.00   0.46624E+00
   34.00   0.44942E+00
   36.00   0.44805E+00
   38.00   0.45164E+00
   40.00   0.45092E+00
   42.00   0.43948E+00
   44.00   0.41464E+00
   46.00   0.37733E+00
   48.00   0.33118E+00
   50.00   0.28132E+00
   52.00   0.23304E+00
   54.00   0.19069E+00
   56.00   0.15700E+00
   58.00   0.13289E+00
   60.00   0.11769E+00
   62.00   0.10955E+00
   64.00   0.10604E+00
   66.00   0.10471E+00
   68.00   0.10349E+00
   70.00   0.10094E+00
   72.00   0.96332E-01
   74.00   0.89567E-01
   76.00   0.81048E-01
   78.00   0.71469E-01
   80.00   0.61629E-01
   82.00   0.52274E-01
   84.00   0.43994E-01
   86.00   0.37166E-01
   88.00   0.31948E-01
   90.00   0.28292E-01
   92.00   0.25992E-01
   94.00   0.24739E-01
   96.00   0.24178E-01
   98.00   0.23960E-01
  100.00   0.23779E-01
  102.00   0.23406E-01
  104.00   0.22697E-01
  106.00   0.21599E-01
  108.00   0.20135E-01
  110.00   0.18393E-01
  112.00   0.16495E-01
  114.00   0.14580E-01
  116.00   0.12778E-01
  118.00   0.11196E-01
