322
Aluminum
 1.000000e-05 0.
 8.450000e+05 0.
 8.752920e+05 7.101890e-04
 9.000000e+05 1.229180e-02
 1.000000e+06 4.877990e-02
 1.052370e+06 5.811580e-02
 1.250000e+06 2.105660e-01
 1.500000e+06 2.926220e-01
 1.750000e+06 3.248490e-01
 1.896900e+06 3.302060e-01
 2.000000e+06 3.339660e-01
 2.250000e+06 3.372310e-01
 2.293750e+06 3.349420e-01
 2.500000e+06 4.609470e-01
 2.750000e+06 5.294320e-01
 2.837030e+06 5.341830e-01
 2.918370e+06 5.616890e-01
 3.000000e+06 5.892910e-01
 3.092540e+06 5.866490e-01
 3.116300e+06 5.888730e-01
 3.247350e+06 6.673960e-01
 3.250000e+06 6.689820e-01
 3.500000e+06 7.200510e-01
 3.658380e+06 7.346660e-01
 3.737290e+06 7.419480e-01
 3.750000e+06 7.431200e-01
 3.817670e+06 7.453990e-01
 3.831700e+06 7.466570e-01
 3.909430e+06 7.536300e-01
 4.000000e+06 7.617550e-01
 4.104710e+06 7.649530e-01
 4.205860e+06 7.728150e-01
 4.250000e+06 7.775000e-01
 4.500000e+06 7.947710e-01
 4.575060e+06 7.913970e-01
 4.638890e+06 7.927550e-01
 4.642110e+06 7.928230e-01
 4.644190e+06 7.928680e-01
 4.678910e+06 7.936060e-01
 4.750000e+06 8.037480e-01
 4.751210e+06 8.036960e-01
 4.816430e+06 8.077270e-01
 4.991570e+06 8.185520e-01
 5.000000e+06 8.203670e-01
 5.122540e+06 8.341020e-01
 5.162460e+06 8.385770e-01
 5.203270e+06 8.431510e-01
 5.250000e+06 8.483880e-01
 5.349060e+06 8.527680e-01
 5.444390e+06 8.594150e-01
 5.451910e+06 8.603430e-01
 5.500000e+06 8.662750e-01
 5.502120e+06 8.662780e-01
 5.518100e+06 8.663010e-01
 5.589160e+06 8.664030e-01
 5.622510e+06 8.664510e-01
 5.635890e+06 8.669120e-01
 5.641700e+06 8.674120e-01
 5.705400e+06 8.757260e-01
 5.750000e+06 8.846740e-01
 5.758200e+06 8.850000e-01
 5.797880e+06 8.872530e-01
 5.824330e+06 8.887550e-01
 5.854710e+06 8.904800e-01
 5.878850e+06 8.918510e-01
 5.905640e+06 8.951370e-01
 5.926100e+06 8.976460e-01
 5.966300e+06 9.025760e-01
 6.000000e+06 9.069100e-01
 6.044620e+06 9.103400e-01
 6.182390e+06 9.233870e-01
 6.201840e+06 9.260690e-01
 6.250000e+06 9.327110e-01
 6.259600e+06 9.329750e-01
 6.273620e+06 9.333600e-01
 6.307290e+06 9.342930e-01
 6.336470e+06 9.353140e-01
 6.344010e+06 9.355780e-01
 6.389450e+06 9.379700e-01
 6.459520e+06 9.426500e-01
 6.500000e+06 9.453530e-01
 6.522030e+06 9.449900e-01
 6.584400e+06 9.462970e-01
 6.619900e+06 9.470420e-01
 6.705640e+06 9.488390e-01
 6.719440e+06 9.496270e-01
 6.745300e+06 9.521320e-01
 6.750000e+06 9.525870e-01
 6.755230e+06 9.523540e-01
 6.777220e+06 9.523770e-01
 6.788350e+06 9.526550e-01
 6.851550e+06 9.542350e-01
 6.852230e+06 9.542510e-01
 6.900150e+06 9.557210e-01
 6.904660e+06 9.559810e-01
 6.963950e+06 9.594050e-01
 6.970620e+06 9.599460e-01
 7.000000e+06 9.623310e-01
 7.011490e+06 9.617730e-01
 7.017900e+06 9.614620e-01
 7.028680e+06 9.612420e-01
 7.040540e+06 9.611350e-01
 7.066680e+06 9.608970e-01
 7.068930e+06 9.608770e-01
 7.074950e+06 9.608300e-01
 7.075830e+06 9.608800e-01
 7.112870e+06 9.630170e-01
 7.250000e+06 9.709260e-01
 7.262250e+06 9.706840e-01
 7.500000e+06 9.659860e-01
 7.750000e+06 9.595110e-01
 8.000000e+06 9.590700e-01
 8.149910e+06 9.647050e-01
 8.250000e+06 9.684670e-01
 8.500000e+06 9.741590e-01
 8.581370e+06 9.745030e-01
 9.000000e+06 9.773080e-01
 9.321820e+06 9.798430e-01
 9.500000e+06 9.812460e-01
 9.996060e+06 9.736390e-01
 1.000000e+07 9.735780e-01
 1.036140e+07 9.649760e-01
 1.046700e+07 9.624640e-01
 1.050000e+07 9.616830e-01
 1.075340e+07 9.641090e-01
 1.076740e+07 9.642430e-01
 1.078600e+07 9.644210e-01
 1.100000e+07 9.664690e-01
 1.128860e+07 9.672270e-01
 1.128970e+07 9.672300e-01
 1.135710e+07 9.674240e-01
 1.143170e+07 9.676400e-01
 1.150000e+07 9.678370e-01
 1.176220e+07 9.675940e-01
 1.189670e+07 9.674700e-01
 1.195210e+07 9.674190e-01
 1.200000e+07 9.673740e-01
 1.217640e+07 9.679630e-01
 1.220270e+07 9.680510e-01
 1.230100e+07 9.683790e-01
 1.262780e+07 9.694700e-01
 1.276340e+07 9.699230e-01
 1.296180e+07 9.705850e-01
 1.300000e+07 9.707130e-01
 1.314210e+07 9.692080e-01
 1.326970e+07 9.678580e-01
 1.332790e+07 9.672420e-01
 1.340840e+07 9.663900e-01
 1.354630e+07 9.649300e-01
 1.378330e+07 9.648720e-01
 1.394940e+07 9.648310e-01
 1.400000e+07 9.648180e-01
 1.412980e+07 9.639360e-01
 1.419530e+07 9.634910e-01
 1.419550e+07 9.634900e-01
 1.448010e+07 9.615570e-01
 1.482220e+07 9.592340e-01
 1.483100e+07 9.591740e-01
 1.500000e+07 9.580270e-01
 1.534360e+07 9.545000e-01
 1.600000e+07 9.477640e-01
 1.700000e+07 9.379130e-01
 1.728210e+07 9.375440e-01
 1.742790e+07 9.373530e-01
 1.778090e+07 9.368900e-01
 1.800000e+07 9.366550e-01
 1.889450e+07 9.219990e-01
 1.900000e+07 9.202710e-01
 1.958980e+07 9.122880e-01
 2.000000e+07 9.067380e-01
 2.094510e+07 8.406670e-01
 2.100000e+07 8.398790e-01
 2.132810e+07 8.352620e-01
 2.153940e+07 8.323890e-01
 2.200000e+07 8.264000e-01
 2.290820e+07 8.153580e-01
 2.300000e+07 8.142820e-01
 2.334970e+07 8.102430e-01
 2.400000e+07 8.029700e-01
 2.500000e+07 7.923670e-01
 2.533720e+07 7.889290e-01
 2.549200e+07 7.873710e-01
 2.551630e+07 7.871270e-01
 2.600000e+07 7.823300e-01
 2.700000e+07 7.724390e-01
 2.731350e+07 7.693150e-01
 2.800000e+07 7.624500e-01
 2.855310e+07 7.566200e-01
 2.900000e+07 7.515690e-01
 2.916750e+07 7.496150e-01
 3.000000e+07 7.396000e-01
 3.004130e+07 7.390940e-01
 3.100000e+07 7.275570e-01
 3.200000e+07 7.158800e-01
 3.204440e+07 7.153690e-01
 3.215030e+07 7.141540e-01
 3.300000e+07 7.045420e-01
 3.312160e+07 7.031840e-01
 3.339850e+07 7.001120e-01
 3.346580e+07 6.993680e-01
 3.377330e+07 6.959900e-01
 3.400000e+07 6.935180e-01
 3.481750e+07 6.847260e-01
 3.483020e+07 6.845910e-01
 3.500000e+07 6.827900e-01
 3.576430e+07 6.747440e-01
 3.600000e+07 6.722880e-01
 3.604360e+07 6.718350e-01
 3.673030e+07 6.647790e-01
 3.689450e+07 6.631140e-01
 3.700000e+07 6.620510e-01
 3.800000e+07 6.521900e-01
 3.900000e+07 6.427940e-01
 4.000000e+07 6.339300e-01
 4.089550e+07 6.265580e-01
 4.100000e+07 6.257340e-01
 4.164220e+07 6.207980e-01
 4.200000e+07 6.181290e-01
 4.290230e+07 6.115810e-01
 4.300000e+07 6.108830e-01
 4.385170e+07 6.048470e-01
 4.400000e+07 6.038010e-01
 4.467120e+07 5.990560e-01
 4.500000e+07 5.967200e-01
 4.600000e+07 5.893530e-01
 4.605400e+07 5.889460e-01
 4.623450e+07 5.875810e-01
 4.680990e+07 5.832160e-01
 4.700000e+07 5.817780e-01
 4.767830e+07 5.767020e-01
 4.800000e+07 5.743470e-01
 4.801890e+07 5.742100e-01
 4.853760e+07 5.705170e-01
 4.877690e+07 5.688640e-01
 4.900000e+07 5.673560e-01
 4.968330e+07 5.629590e-01
 4.971520e+07 5.627630e-01
 5.000000e+07 5.610500e-01
 5.100000e+07 5.553960e-01
 5.200000e+07 5.501010e-01
 5.256960e+07 5.471850e-01
 5.300000e+07 5.450090e-01
 5.400000e+07 5.399800e-01
 5.500000e+07 5.349000e-01
 5.538370e+07 5.329360e-01
 5.600000e+07 5.298250e-01
 5.700000e+07 5.248830e-01
 5.752860e+07 5.223220e-01
 5.800000e+07 5.200670e-01
 5.812850e+07 5.194570e-01
 5.900000e+07 5.153740e-01
 5.906980e+07 5.150510e-01
 6.000000e+07 5.108000e-01
 6.031720e+07 5.093680e-01
 6.100000e+07 5.063010e-01
 6.200000e+07 5.018760e-01
 6.300000e+07 4.975680e-01
 6.343200e+07 4.957530e-01
 6.400000e+07 4.934180e-01
 6.500000e+07 4.894600e-01
 6.600000e+07 4.858610e-01
 6.700000e+07 4.826530e-01
 6.800000e+07 4.796720e-01
 6.814260e+07 4.792570e-01
 6.849240e+07 4.782430e-01
 6.900000e+07 4.767740e-01
 7.000000e+07 4.738300e-01
 7.100000e+07 4.708370e-01
 7.200000e+07 4.678820e-01
 7.300000e+07 4.649780e-01
 7.392770e+07 4.623400e-01
 7.400000e+07 4.621370e-01
 7.500000e+07 4.593700e-01
 7.600000e+07 4.567410e-01
 7.700000e+07 4.543190e-01
 7.800000e+07 4.521180e-01
 7.900000e+07 4.501480e-01
 8.000000e+07 4.484200e-01
 8.100000e+07 4.469950e-01
 8.200000e+07 4.458900e-01
 8.300000e+07 4.450480e-01
 8.400000e+07 4.444170e-01
 8.500000e+07 4.439500e-01
 8.600000e+07 4.436050e-01
 8.700000e+07 4.433330e-01
 8.800000e+07 4.430770e-01
 8.900000e+07 4.427820e-01
 9.000000e+07 4.424000e-01
 9.100000e+07 4.419600e-01
 9.200000e+07 4.415170e-01
 9.300000e+07 4.410600e-01
 9.400000e+07 4.405770e-01
 9.500000e+07 4.400600e-01
 9.600000e+07 4.395140e-01
 9.700000e+07 4.389540e-01
 9.800000e+07 4.383810e-01
 9.900000e+07 4.377920e-01
 1.000000e+08 4.371900e-01
 1.020000e+08 4.359590e-01
 1.040000e+08 4.347140e-01
 1.060000e+08 4.334630e-01
 1.080000e+08 4.322120e-01
 1.100000e+08 4.309700e-01
 1.120000e+08 4.296750e-01
 1.140000e+08 4.283120e-01
 1.160000e+08 4.269420e-01
 1.180000e+08 4.256180e-01
 1.200000e+08 4.243900e-01
 1.220000e+08 4.232860e-01
 1.240000e+08 4.223160e-01
 1.260000e+08 4.214940e-01
 1.280000e+08 4.208320e-01
 1.300000e+08 4.203400e-01
 1.320000e+08 4.200690e-01
 1.340000e+08 4.199820e-01
 1.360000e+08 4.199610e-01
 1.380000e+08 4.198990e-01
 1.400000e+08 4.197000e-01
 1.420000e+08 4.193960e-01
 1.440000e+08 4.190740e-01
 1.460000e+08 4.187240e-01
 1.480000e+08 4.183360e-01