1038
Iron
  4.000000E+05  0.000000E+00
  4.010000E+05  1.000000E-15
  4.500000E+05  1.000000E-15
  4.510000E+05  1.000000E-15
  5.000000E+05  1.000000E-15
  5.010000E+05  1.000000E-15
  5.500000E+05  1.000000E-15
  5.510000E+05  1.000000E-15
  6.000000E+05  1.000000E-15
  6.010000E+05  1.000000E-15
  6.500000E+05  1.000000E-15
  6.510000E+05  1.000000E-15
  7.000000E+05  1.000000E-15
  7.010000E+05  1.000000E-15
  7.500000E+05  1.000000E-15
  7.510000E+05  1.000000E-15
  8.000000E+05  1.000000E-15
  8.010000E+05  1.000000E-15
  8.499150E+05  1.000000E-15
  8.500000E+05  2.970000E+00
  8.523000E+05  2.343600E+00
  8.547900E+05  5.129800E-01
  8.562000E+05  1.486000E+00
  8.574000E+05  3.241200E+00
  8.596900E+05  3.019200E+00
  8.620000E+05  2.480500E+00
  8.642000E+05  2.539200E+00
  8.667400E+05  3.525200E+00
  8.693000E+05  2.821900E+00
  8.718600E+05  2.507000E+00
  8.744400E+05  2.275400E+00
  8.770000E+05  1.877000E+00
  8.790000E+05  1.616400E+00
  8.810000E+05  8.995200E-01
  8.833800E+05  3.297800E+00
  8.860000E+05  2.314600E+00
  8.881900E+05  3.963300E+00
  8.902600E+05  2.644200E+00
  8.925700E+05  1.521100E+00
  8.950000E+05  1.272100E+00
  8.970000E+05  2.754300E+00
  8.992100E+05  1.086100E+00
  9.017900E+05  4.477000E+00
  9.041500E+05  1.950000E+00
  9.060400E+05  1.865700E+00
  9.082900E+05  2.018800E+00
  9.106800E+05  1.439400E+00
  9.130000E+05  1.583400E+00
  9.152300E+05  2.043700E+00
  9.171600E+05  1.812700E+00
  9.197000E+05  1.862000E+00
  9.221200E+05  1.862000E+00
  9.245600E+05  1.285900E+00
  9.270100E+05  3.276400E+00
  9.297100E+05  9.280000E-01
  9.324200E+05  8.467300E-01
  9.350000E+05  2.882900E+00
  9.373900E+05  7.435800E-01
  9.401400E+05  7.567000E-01
  9.425200E+05  1.946000E+00
  9.452900E+05  6.050500E-01
  9.480000E+05  1.865800E+00
  9.503600E+05  3.205300E+00
  9.531700E+05  6.658300E-01
  9.559800E+05  5.003300E-01
  9.583000E+05  6.106300E-01
  9.610100E+05  1.317700E+00
  9.636000E+05  3.867200E+00
  9.660000E+05  2.837700E+00
  9.688200E+05  3.504700E+00
  9.710000E+05  3.910100E+00
  9.736900E+05  5.421000E+00
  9.764600E+05  9.614600E-01
  9.790000E+05  1.090400E+00
  9.817900E+05  7.017400E-01
  9.841900E+05  2.138900E+00
  9.870000E+05  2.809900E+00
  9.893100E+05  3.637000E+00
  9.920200E+05  1.755100E+00
  9.944700E+05  1.116400E+00
  9.970000E+05  8.117400E-01
  9.993900E+05  9.972400E-01
  1.002000E+06  3.395600E+00
  1.004000E+06  3.527400E+00
  1.006700E+06  2.505400E+00
  1.009500E+06  3.073600E+00
  1.012000E+06  2.601800E+00
  1.015000E+06  1.717700E+00
  1.018000E+06  9.149100E-01
  1.021000E+06  7.058200E-01
  1.024000E+06  6.204600E-01
  1.027000E+06  1.745300E+00
  1.030000E+06  1.171300E+00
  1.033000E+06  2.418900E+00
  1.036000E+06  2.819300E+00
  1.039000E+06  3.301700E+00
  1.042000E+06  3.351200E+00
  1.045000E+06  3.657700E+00
  1.048000E+06  2.592100E+00
  1.051000E+06  2.885200E+00
  1.054000E+06  2.359700E+00
  1.057100E+06  2.511400E+00
  1.060000E+06  2.016600E+00
  1.063100E+06  2.667000E+00
  1.066200E+06  3.971800E+00
  1.069000E+06  3.517300E+00
  1.072000E+06  1.246100E+00
  1.075000E+06  2.154400E+00
  1.078000E+06  3.094000E+00
  1.081000E+06  1.680600E+00
  1.084000E+06  2.375300E+00
  1.087000E+06  9.841900E-01
  1.090000E+06  1.046200E+00
  1.093000E+06  2.146400E+00
  1.096000E+06  2.630400E+00
  1.099000E+06  1.397800E+00
  1.102000E+06  5.220500E-01
  1.105200E+06  1.031900E+00
  1.108300E+06  7.251100E-01
  1.111300E+06  2.600500E+00
  1.114500E+06  9.883100E-01
  1.117800E+06  7.364100E-01
  1.121000E+06  4.114900E+00
  1.124000E+06  3.478200E+00
  1.127000E+06  2.640100E+00
  1.130200E+06  3.361900E+00
  1.133000E+06  1.122800E+00
  1.136000E+06  1.124400E+00
  1.139000E+06  3.440900E+00
  1.142000E+06  9.400800E-01
  1.145000E+06  2.122200E+00
  1.148000E+06  1.521400E+00
  1.151000E+06  1.725500E+00
  1.154000E+06  2.942000E+00
  1.157300E+06  1.506100E+00
  1.160500E+06  1.809400E+00
  1.163600E+06  1.722400E+00
  1.167000E+06  1.765300E+00
  1.170200E+06  2.447200E+00
  1.173000E+06  1.878800E+00
  1.176000E+06  9.392400E-01
  1.179000E+06  1.520200E+00
  1.182100E+06  2.476600E+00
  1.185100E+06  1.948100E+00
  1.188000E+06  2.537100E+00
  1.191400E+06  1.529300E+00
  1.194900E+06  5.602000E-01
  1.197100E+06  1.000000E-15
  1.197300E+06  8.537900E-02
  1.200300E+06  3.301800E+00
  1.203200E+06  1.219800E+00
  1.206000E+06  2.858300E+00
  1.209100E+06  2.351700E+00
  1.212500E+06  1.201000E+00
  1.216000E+06  1.035900E+00
  1.219500E+06  4.107600E-01
  1.223100E+06  2.294700E+00
  1.226000E+06  3.682500E+00
  1.229600E+06  3.655500E+00
  1.233000E+06  4.283400E+00
  1.236200E+06  3.256800E+00
  1.239000E+06  1.558900E+00
  1.242200E+06  2.627400E+00
  1.245300E+06  1.046700E+00
  1.248500E+06  1.085200E+00
  1.252200E+06  1.357800E+00
  1.255700E+06  3.801500E+00
  1.259000E+06  4.320900E+00
  1.262600E+06  2.011800E+00
  1.266000E+06  3.097800E+00
  1.269000E+06  2.376600E+00
  1.272000E+06  2.413400E+00
  1.275000E+06  2.841300E+00
  1.278400E+06  7.673800E+00
  1.282000E+06  2.570800E+00
  1.285400E+06  1.582200E+00
  1.289000E+06  1.009900E+00
  1.292200E+06  2.425300E+00
  1.296000E+06  3.687800E+00
  1.299500E+06  1.498000E+00
  1.303000E+06  1.811300E+00
  1.306800E+06  1.084600E+00
  1.310600E+06  9.924700E-01
  1.314300E+06  1.738300E+00
  1.317800E+06  1.925300E+00
  1.321300E+06  4.006600E+00
  1.324900E+06  2.791400E+00
  1.328200E+06  2.767900E+00
  1.331800E+06  5.645400E+00
  1.334600E+06  2.069600E+00
  1.337500E+06  3.341300E+00
  1.341400E+06  2.786400E+00
  1.345000E+06  2.353600E+00
  1.348500E+06  2.270200E+00
  1.352500E+06  2.393300E+00
  1.355400E+06  1.373100E+00
  1.358200E+06  2.721300E+00
  1.361500E+06  1.644400E+00
  1.365400E+06  1.056700E+00
  1.369300E+06  1.066800E+00
  1.373300E+06  5.448400E-01
  1.376900E+06  8.133100E-01
  1.379100E+06  1.445100E+00
  1.383000E+06  1.560300E+00
  1.386700E+06  3.155800E+00
  1.390000E+06  2.999700E+00
  1.393200E+06  2.200200E+00
  1.396400E+06  1.103000E+00
  1.400300E+06  5.786300E-01
  1.403500E+06  3.495300E+00
  1.407100E+06  3.546300E-01
  1.411000E+06  7.281200E-01
  1.414700E+06  2.924300E+00
  1.418200E+06  1.855600E+00
  1.420700E+06  1.117800E+00
  1.424400E+06  1.998200E+00
  1.427700E+06  1.064000E+00
  1.431500E+06  1.617600E+00
  1.434100E+06  1.184800E+00
  1.438300E+06  1.756800E+00
  1.442500E+06  1.903500E+00
  1.445900E+06  2.516000E+00
  1.449100E+06  3.785100E+00
  1.453400E+06  3.619700E+00
  1.457500E+06  2.022500E+00
  1.461800E+06  6.187800E+00
  1.465000E+06  4.744900E+00
  1.469300E+06  4.580600E+00
  1.472600E+06  2.150500E+00
  1.476800E+06  1.336800E+00
  1.479700E+06  1.086000E+00
  1.483700E+06  1.705500E+00
  1.486500E+06  1.271500E+00
  1.490000E+06  1.637400E+00
  1.493700E+06  9.127500E-01
  1.497700E+06  1.305400E+00
  1.501500E+06  3.072500E-01
  1.505800E+06  5.682000E-01
  1.510100E+06  1.093000E+00
  1.513700E+06  2.023400E+00
  1.517800E+06  1.746800E+00
  1.522200E+06  6.182100E-01
  1.524800E+06  5.111700E+00
  1.527900E+06  2.932300E+00
  1.532300E+06  2.740400E+00
  1.536200E+06  2.440000E+00
  1.540000E+06  2.356400E+00
  1.543800E+06  4.083900E+00
  1.547300E+06  4.151000E+00
  1.551000E+06  2.493500E+00
  1.553100E+06  2.156000E+00
  1.556600E+06  3.331800E+00
  1.558400E+06  4.006700E+00
  1.564300E+06  2.065600E+00
  1.567300E+06  4.001100E+00
  1.570800E+06  1.847900E+00
  1.574800E+06  1.940000E+00
  1.579200E+06  7.699100E-01
  1.582900E+06  2.449000E+00
  1.587400E+06  1.994400E+00
  1.590600E+06  2.096200E+00
  1.594600E+06  2.384000E+00
  1.598500E+06  2.117800E+00
  1.602100E+06  2.853100E+00
  1.606000E+06  1.040200E+00
  1.609100E+06  2.878300E+00
  1.613800E+06  3.135000E+00
  1.618400E+06  2.940700E+00
  1.621700E+06  2.598100E+00
  1.625700E+06  2.366200E+00
  1.629700E+06  2.273900E+00
  1.633600E+06  1.999400E+00
  1.637200E+06  2.675900E+00
  1.641700E+06  9.483700E-01
  1.645700E+06  6.473500E-01
  1.650200E+06  3.369200E+00
  1.652300E+06  1.830600E+00
  1.655900E+06  1.157400E+00
  1.659000E+06  3.017800E+00
  1.663400E+06  8.922000E-01
  1.667900E+06  4.406800E+00
  1.671400E+06  3.141900E+00
  1.675000E+06  4.830800E+00
  1.678500E+06  3.516300E+00
  1.683400E+06  9.291400E-01
  1.687000E+06  8.256000E-01
  1.691800E+06  1.514600E+00
  1.696300E+06  1.038300E+00
  1.700600E+06  2.368700E+00
  1.704600E+06  2.490000E+00
  1.709500E+06  2.718300E+00
  1.713500E+06  1.598100E+00
  1.717500E+06  1.810300E+00
  1.722100E+06  1.896400E+00
  1.726300E+06  7.789800E-01
  1.731200E+06  2.195300E+00
  1.736100E+06  1.999700E+00
  1.740600E+06  1.597300E+00
  1.744400E+06  1.219200E+00
  1.749400E+06  2.306000E+00
  1.753800E+06  3.831100E+00
  1.758300E+06  1.938300E+00
  1.763200E+06  2.510900E+00
  1.767700E+06  1.532900E+00
  1.771700E+06  1.633800E+00
  1.774900E+06  3.205400E+00
  1.780100E+06  1.795500E+00
  1.785300E+06  2.836000E+00
  1.790200E+06  3.129700E+00
  1.795500E+06  1.367200E+00
  1.800200E+06  1.726100E+00
  1.804800E+06  3.043100E+00
  1.809200E+06  1.835400E+00
  1.813500E+06  8.646600E-01
  1.817500E+06  8.897500E-01
  1.822400E+06  2.764200E+00
  1.827400E+06  2.277100E+00
  1.832800E+06  1.980700E+00
  1.836600E+06  2.175300E+00
  1.841400E+06  1.671200E+00
  1.843800E+06  1.957300E+00
  1.848600E+06  2.997200E+00
  1.852400E+06  1.777700E+00
  1.855900E+06  2.613000E+00
  1.860700E+06  1.299600E+00
  1.865600E+06  2.214700E+00
  1.870500E+06  1.971400E+00
  1.875800E+06  2.831300E+00
  1.880300E+06  2.844800E+00
  1.885200E+06  1.939000E+00
  1.890200E+06  1.734000E+00
  1.895400E+06  6.280900E-01
  1.900400E+06  6.769100E-01
  1.905500E+06  3.097100E+00
  1.910300E+06  1.543000E+00
  1.915300E+06  2.942000E+00
  1.920400E+06  2.614000E+00
  1.925500E+06  3.097300E+00
  1.931000E+06  2.952500E+00
  1.935800E+06  4.855300E+00
  1.941000E+06  5.124600E+00
  1.944400E+06  2.822400E+00
  1.950000E+06  1.174600E+00
  1.954500E+06  2.187300E+00
  1.959400E+06  1.107500E+00
  1.964700E+06  1.047000E+00
  1.969600E+06  1.145000E+00
  1.974200E+06  1.878500E+00
  1.979900E+06  1.088500E+00
  1.985700E+06  2.309300E+00
  1.991100E+06  3.004100E+00
  1.996500E+06  2.796900E+00
  2.002000E+06  2.500300E+00
  2.007300E+06  2.207900E+00
  2.010900E+06  1.532600E+00
  2.016100E+06  2.695700E+00
  2.021400E+06  1.980700E+00
  2.026500E+06  2.792600E+00
  2.032000E+06  2.358200E+00
  2.034800E+06  3.043500E+00
  2.040400E+06  3.157500E+00
  2.046000E+06  1.862200E+00
  2.051600E+06  1.086700E+00
  2.057200E+06  2.545900E+00
  2.062400E+06  2.448800E+00
  2.067800E+06  2.350100E+00
  2.071500E+06  3.034400E+00
  2.077200E+06  1.961200E+00
  2.082900E+06  2.881800E+00
  2.085800E+06  2.569300E+00
  2.091600E+06  1.904000E+00
  2.097400E+06  1.823600E+00
  2.103200E+06  2.531700E+00
  2.109100E+06  2.309400E+00
  2.114900E+06  2.486400E+00
  2.119600E+06  2.204800E+00
  2.122600E+06  1.960200E+00
  2.128000E+06  1.647600E+00
  2.131100E+06  2.167700E+00
  2.135700E+06  2.298500E+00
  2.140500E+06  2.378100E+00
  2.146300E+06  2.325900E+00
  2.152100E+06  2.902800E+00
  2.155900E+06  2.978600E+00
  2.161200E+06  1.128300E+00
  2.167500E+06  2.549300E+00
  2.171500E+06  2.736700E+00
  2.177500E+06  1.670400E+00
  2.180400E+06  1.958600E+00
  2.185300E+06  2.552800E+00
  2.190400E+06  1.669300E+00
  2.193300E+06  2.091800E+00
  2.197200E+06  2.487300E+00
  2.203100E+06  2.283700E+00
  2.207100E+06  3.727400E+00
  2.213100E+06  1.890100E+00
  2.219200E+06  1.827400E+00
  2.225300E+06  2.126200E+00
  2.231400E+06  2.543300E+00
  2.235400E+06  1.084600E+00
  2.241500E+06  1.668800E+00
  2.247800E+06  1.322700E+00
  2.252400E+06  9.908200E-01
  2.256000E+06  1.169200E+00
  2.262200E+06  2.048900E+00
  2.268500E+06  2.483400E+00
  2.274800E+06  2.171900E+00
  2.279000E+06  2.301400E+00
  2.285300E+06  1.739000E+00
  2.289500E+06  2.643200E+00
  2.293800E+06  2.490700E+00
  2.298300E+06  1.045200E+00
  2.304600E+06  2.382900E+00
  2.310800E+06  2.276100E+00
  2.317300E+06  2.729300E+00
  2.321600E+06  1.159800E+00
  2.325900E+06  3.407400E+00
  2.329300E+06  2.824300E+00
  2.336800E+06  2.497000E+00
  2.343400E+06  2.554400E+00
  2.347600E+06  2.629100E+00
  2.351900E+06  1.248100E+00
  2.358700E+06  1.804100E+00
  2.365700E+06  1.981000E+00
  2.370400E+06  1.584700E+00
  2.377200E+06  2.135100E+00
  2.381100E+06  2.121500E+00
  2.386800E+06  4.065000E+00
  2.392400E+06  1.931200E+00
  2.399500E+06  3.388900E+00
  2.406000E+06  1.824600E+00
  2.410600E+06  2.144100E+00
  2.415100E+06  3.375100E+00
  2.422000E+06  1.290300E+00
  2.426700E+06  2.344000E+00
  2.431300E+06  1.700800E+00
  2.438200E+06  3.044000E+00
  2.442900E+06  2.192600E+00
  2.447600E+06  3.071100E+00
  2.454600E+06  2.216900E+00
  2.461700E+06  3.655100E+00
  2.472600E+06  1.436100E+00
  2.480800E+06  3.312600E+00
  2.487900E+06  2.677100E+00
  2.495100E+06  2.487100E+00
  2.500000E+06  2.291000E+00
  2.504700E+06  2.929700E+00
  2.512000E+06  2.166200E+00
  2.519300E+06  3.253000E+00
  2.526700E+06  2.261200E+00
  2.534100E+06  2.925700E+00
  2.536500E+06  2.443400E+00
  2.544000E+06  3.140900E+00
  2.551400E+06  2.839300E+00
  2.558900E+06  3.523800E+00
  2.566400E+06  2.773200E+00
  2.574000E+06  3.583000E+00
  2.581600E+06  3.252300E+00
  2.583900E+06  3.718100E+00
  2.594400E+06  2.319700E+00
  2.600100E+06  2.080200E+00
  2.607400E+06  2.543700E+00
  2.615000E+06  2.491400E+00
  2.622700E+06  2.642700E+00
  2.625300E+06  2.622600E+00
  2.633400E+06  1.474200E+00
  2.640800E+06  2.670000E+00
  2.644600E+06  2.217100E+00
  2.651500E+06  1.830900E+00
  2.654200E+06  1.585300E+00
  2.659600E+06  2.623800E+00
  2.664400E+06  2.721900E+00
  2.669900E+06  2.265800E+00
  2.677800E+06  2.790000E+00
  2.684100E+06  2.624200E+00
  2.691400E+06  2.710500E+00
  2.700000E+06  2.303200E+00
  2.707800E+06  2.649500E+00
  2.712400E+06  2.381800E+00
  2.718900E+06  2.760400E+00
  2.724800E+06  2.601400E+00
  2.729600E+06  3.321700E+00
  2.737900E+06  2.435200E+00
  2.743500E+06  2.944000E+00
  2.754600E+06  1.823700E+00
  2.760200E+06  2.821400E+00
  2.765800E+06  2.370600E+00
  2.768700E+06  3.033400E+00
  2.774300E+06  2.311600E+00
  2.780000E+06  2.232400E+00
  2.782700E+06  2.064400E+00
  2.788600E+06  2.659100E+00
  2.800000E+06  1.976600E+00
  2.805900E+06  2.147900E+00
  2.814100E+06  1.903400E+00
  2.820200E+06  2.328000E+00
  2.828300E+06  2.132600E+00
  2.834800E+06  3.018300E+00
  2.843400E+06  2.313800E+00
  2.849200E+06  3.328000E+00
  2.855100E+06  2.319900E+00
  2.861300E+06  2.669100E+00
  2.863900E+06  2.660500E+00
  2.870300E+06  1.830100E+00
  2.873100E+06  1.783700E+00
  2.879000E+06  2.599100E+00
  2.884500E+06  2.586900E+00
  2.890000E+06  2.659800E+00
  2.893900E+06  2.608400E+00
  2.900000E+06  2.137000E+00
  2.905900E+06  2.229100E+00
  2.912000E+06  1.455100E+00
  2.918100E+06  1.338500E+00
  2.924700E+06  2.675200E+00
  2.928400E+06  2.833700E+00
  2.933400E+06  2.606100E+00
  2.939500E+06  2.489100E+00
  2.942600E+06  2.702500E+00
  2.950000E+06  2.222000E+00
  2.958100E+06  1.700300E+00
  2.965500E+06  2.228100E+00
  2.973700E+06  1.537700E+00
  2.980000E+06  2.586500E+00
  2.988700E+06  1.647200E+00
  2.995100E+06  1.835900E+00
  3.000000E+06  2.243600E+00
  3.007800E+06  2.726000E+00
  3.014900E+06  2.328300E+00
  3.021300E+06  2.548800E+00
  3.024600E+06  2.153000E+00
  3.037500E+06  2.644500E+00
  3.040100E+06  2.351400E+00
  3.050400E+06  2.051500E+00
  3.057000E+06  2.116000E+00
  3.063500E+06  2.544300E+00
  3.070100E+06  2.289500E+00
  3.073400E+06  2.223700E+00
  3.080000E+06  2.678300E+00
  3.086600E+06  2.540500E+00
  3.093200E+06  2.573900E+00
  3.099900E+06  2.265000E+00
  3.106600E+06  2.072600E+00
  3.113300E+06  2.251100E+00
  3.120000E+06  2.306300E+00
  3.123400E+06  2.152900E+00
  3.133600E+06  2.617500E+00
  3.140400E+06  2.831700E+00
  3.147200E+06  2.743500E+00
  3.154000E+06  3.055700E+00
  3.160900E+06  2.246600E+00
  3.164300E+06  2.121700E+00
  3.171200E+06  2.995600E+00
  3.179300E+06  2.453500E+00
  3.192000E+06  1.989100E+00
  3.200000E+06  2.284200E+00
  3.206000E+06  2.234600E+00
  3.209500E+06  2.628300E+00
  3.216600E+06  1.799700E+00
  3.223700E+06  1.588200E+00
  3.230800E+06  2.419100E+00
  3.237900E+06  1.809100E+00
  3.245000E+06  2.424300E+00
  3.252200E+06  2.492100E+00
  3.259400E+06  1.748700E+00
  3.266600E+06  2.706100E+00
  3.273600E+06  2.165800E+00
  3.281100E+06  2.272100E+00
  3.292000E+06  2.937400E+00
  3.300000E+06  1.632600E+00
  3.306600E+06  1.989700E+00
  3.317700E+06  2.330800E+00
  3.321400E+06  2.338800E+00
  3.328800E+06  1.660300E+00
  3.336300E+06  2.012100E+00
  3.343700E+06  1.973600E+00
  3.351200E+06  2.285000E+00
  3.358700E+06  2.174800E+00
  3.366300E+06  2.665900E+00
  3.377600E+06  1.774700E+00
  3.392900E+06  2.711200E+00
  3.400000E+06  2.547000E+00
  3.408200E+06  2.580500E+00
  3.415900E+06  2.107000E+00
  3.428000E+06  1.894500E+00
  3.430800E+06  1.979500E+00
  3.439300E+06  2.232600E+00
  3.449100E+06  1.870400E+00
  3.458800E+06  2.583800E+00
  3.466700E+06  2.261900E+00
  3.470700E+06  2.258600E+00
  3.482100E+06  2.845200E+00
  3.500000E+06  2.161600E+00
  3.507100E+06  1.895900E+00
  3.514600E+06  1.616100E+00
  3.522600E+06  2.249900E+00
  3.543000E+06  1.937900E+00
  3.551100E+06  2.351100E+00
  3.563400E+06  1.510400E+00
  3.581400E+06  2.219200E+00
  3.600000E+06  2.136600E+00
  3.603700E+06  2.118400E+00
  3.617500E+06  2.348200E+00
  3.626000E+06  1.874600E+00
  3.634400E+06  1.918900E+00
  3.647200E+06  2.384500E+00
  3.655700E+06  2.440200E+00
  3.664300E+06  2.664000E+00
  3.672900E+06  2.433700E+00
  3.681500E+06  2.162100E+00
  3.694500E+06  2.574400E+00
  3.703200E+06  1.685800E+00
  3.712000E+06  2.322900E+00
  3.738400E+06  2.289700E+00
  3.747200E+06  1.612100E+00
  3.756100E+06  2.281500E+00
  3.765000E+06  2.227300E+00
  3.774000E+06  2.302500E+00
  3.783000E+06  2.104600E+00
  3.792000E+06  3.019900E+00
  3.801000E+06  2.719200E+00
  3.810100E+06  1.854000E+00
  3.814000E+06  1.978300E+00
  3.823700E+06  2.289800E+00
  3.830000E+06  2.492100E+00
  3.837600E+06  2.894600E+00
  3.842200E+06  2.258200E+00
  3.851400E+06  2.155300E+00
  3.865300E+06  2.665800E+00
  3.874700E+06  2.241200E+00
  3.886000E+06  2.410700E+00
  3.897000E+06  2.377200E+00
  3.902800E+06  2.202300E+00
  3.912300E+06  2.157000E+00
  3.921700E+06  2.549800E+00
  3.931300E+06  2.124800E+00
  3.940800E+06  2.743600E+00
  3.945600E+06  2.431000E+00
  3.960000E+06  2.310300E+00
  4.000000E+06  1.968800E+00
  4.008700E+06  1.895400E+00
  4.018600E+06  2.735200E+00
  4.028400E+06  2.107100E+00
  4.038300E+06  2.463000E+00
  4.048300E+06  2.847500E+00
  4.053300E+06  2.339200E+00
  4.063300E+06  2.236800E+00
  4.073300E+06  2.678700E+00
  4.079300E+06  2.350900E+00
  4.093500E+06  2.238800E+00
  4.101500E+06  2.649400E+00
  4.108800E+06  2.824800E+00
  4.118000E+06  2.449900E+00
  4.124100E+06  2.201500E+00
  4.140000E+06  2.573300E+00
  4.149900E+06  2.489800E+00
  4.165400E+06  2.635000E+00
  4.175900E+06  2.078700E+00
  4.186300E+06  2.687300E+00
  4.196800E+06  2.153600E+00
  4.202100E+06  2.435900E+00
  4.218000E+06  1.629600E+00
  4.233900E+06  2.417600E+00
  4.244600E+06  2.225100E+00
  4.250000E+06  2.017200E+00
  4.266100E+06  2.880400E+00
  4.276900E+06  2.620300E+00
  4.287700E+06  2.586000E+00
  4.300000E+06  2.160000E+00
  4.309600E+06  2.467200E+00
  4.320500E+06  2.145400E+00
  4.326000E+06  2.538200E+00
  4.340000E+06  2.638500E+00
  4.348200E+06  2.699800E+00
  4.359300E+06  2.433700E+00
  4.370000E+06  2.454100E+00
  4.381700E+06  2.476000E+00
  4.392900E+06  2.114500E+00
  4.400000E+06  2.245100E+00
  4.417400E+06  2.108200E+00
  4.426900E+06  1.748400E+00
  4.438300E+06  2.136000E+00
  4.449800E+06  1.762600E+00
  4.461300E+06  2.410300E+00
  4.474400E+06  2.484900E+00
  4.480400E+06  2.640200E+00
  4.496100E+06  2.088900E+00
  4.500000E+06  2.417300E+00
  4.515500E+06  2.680100E+00
  4.530200E+06  2.294900E+00
  4.538400E+06  2.495200E+00
  4.544200E+06  2.636000E+00
  4.572500E+06  2.358000E+00
  4.577200E+06  2.156600E+00
  4.586400E+06  2.429600E+00
  4.600000E+06  2.425900E+00
  4.612800E+06  2.397400E+00
  4.625000E+06  2.293400E+00
  4.639500E+06  2.408300E+00
  4.650000E+06  2.434700E+00
  4.658900E+06  2.393400E+00
  4.673500E+06  2.000800E+00
  4.693200E+06  2.440200E+00
  4.702800E+06  2.483300E+00
  4.712900E+06  2.378100E+00
  4.725500E+06  2.389900E+00
  4.747800E+06  2.007800E+00
  4.750000E+06  2.065100E+00
  4.762800E+06  2.397700E+00
  4.772900E+06  2.474300E+00
  4.793200E+06  2.297200E+00
  4.803400E+06  2.557800E+00
  4.830000E+06  2.335800E+00
  4.839200E+06  2.360500E+00
  4.844400E+06  2.542800E+00
  4.870300E+06  2.350700E+00
  4.886000E+06  2.320500E+00
  4.900000E+06  2.271300E+00
  4.901700E+06  2.291200E+00
  4.922800E+06  2.430400E+00
  4.944000E+06  2.238800E+00
  4.954700E+06  2.243400E+00
  4.960000E+06  2.176300E+00
  4.986900E+06  2.362800E+00
  5.000000E+06  2.146200E+00
  5.013900E+06  2.247000E+00
  5.019400E+06  2.111100E+00
  5.052200E+06  2.658300E+00
  5.057700E+06  2.477500E+00
  5.090900E+06  2.032600E+00
  5.107700E+06  2.274000E+00
  5.118800E+06  2.288100E+00
  5.135700E+06  2.088500E+00
  5.147000E+06  2.407400E+00
  5.158300E+06  2.314800E+00
  5.175400E+06  2.504000E+00
  5.192500E+06  2.225900E+00
  5.204000E+06  2.317000E+00
  5.215500E+06  2.127000E+00
  5.221300E+06  2.263700E+00
  5.244500E+06  2.193200E+00
  5.256200E+06  2.104700E+00
  5.285500E+06  2.419200E+00
  5.300000E+06  2.327900E+00
  5.315000E+06  2.541100E+00
  5.356800E+06  2.153900E+00
  5.380900E+06  2.311300E+00
  5.400000E+06  2.136700E+00
  5.423500E+06  2.194800E+00
  5.448000E+06  2.411700E+00
  5.500000E+06  2.286000E+00
  5.548000E+06  2.166900E+00
  5.586100E+06  2.269200E+00
  5.600000E+06  2.384200E+00
  5.618300E+06  2.378800E+00
  5.631200E+06  2.275200E+00
  5.644100E+06  2.468000E+00
  5.656600E+06  2.211300E+00
  5.696500E+06  2.149000E+00
  5.735300E+06  2.195800E+00
  5.750000E+06  2.269100E+00
  5.762900E+06  2.195900E+00
  5.789800E+06  2.290100E+00
  5.803400E+06  2.443700E+00
  5.816900E+06  2.110200E+00
  5.830600E+06  2.223400E+00
  5.837400E+06  2.151500E+00
  5.857900E+06  2.287600E+00
  5.871700E+06  2.087300E+00
  5.885500E+06  2.212800E+00
  5.906300E+06  2.080600E+00
  5.934200E+06  2.315900E+00
  5.941300E+06  2.434800E+00
  5.955300E+06  2.201200E+00
  5.969400E+06  2.314700E+00
  6.000000E+06  2.116800E+00
  6.033600E+06  2.382600E+00
  6.047900E+06  2.188700E+00
  6.057000E+06  2.291200E+00
  6.084100E+06  2.228800E+00
  6.098700E+06  2.289700E+00
  6.113300E+06  2.251400E+00
  6.120700E+06  2.093400E+00
  6.135400E+06  2.029400E+00
  6.157500E+06  2.275600E+00
  6.179800E+06  2.182000E+00
  6.194700E+06  1.939500E+00
  6.200000E+06  1.995700E+00
  6.224700E+06  2.256200E+00
  6.277800E+06  2.002700E+00
  6.300700E+06  2.248800E+00
  6.316100E+06  2.154700E+00
  6.323800E+06  2.301500E+00
  6.340000E+06  2.206600E+00
  6.378100E+06  2.348200E+00
  6.393700E+06  2.224600E+00
  6.401600E+06  2.298900E+00
  6.425200E+06  2.282600E+00
  6.441000E+06  2.087100E+00
  6.456900E+06  2.293900E+00
  6.480800E+06  2.008100E+00
  6.500000E+06  2.252600E+00
  6.504900E+06  2.315100E+00
  6.529100E+06  2.138700E+00
  6.540000E+06  2.157300E+00
  6.561500E+06  2.332400E+00
  6.586100E+06  2.106800E+00
  6.600000E+06  2.175600E+00
  6.627200E+06  2.311000E+00
  6.668800E+06  2.123800E+00
  6.700000E+06  2.104600E+00
  6.710700E+06  2.097800E+00
  6.740000E+06  2.175700E+00
  6.800000E+06  2.146700E+00
  6.830300E+06  2.132900E+00
  6.882600E+06  2.221800E+00
  6.926500E+06  2.141400E+00
  6.953100E+06  2.187400E+00
  6.971000E+06  2.035900E+00
  7.000000E+06  2.104500E+00
  7.015800E+06  2.026700E+00
  7.042900E+06  2.110300E+00
  7.061100E+06  2.043400E+00
  7.079300E+06  2.190800E+00
  7.130000E+06  2.084800E+00
  7.171600E+06  2.160500E+00
  7.280000E+06  2.060700E+00
  7.371300E+06  2.185700E+00
  7.400000E+06  2.109000E+00
  7.420100E+06  2.055900E+00
  7.500000E+06  2.092300E+00
  7.599800E+06  2.136300E+00
  7.620200E+06  2.014400E+00
  7.747200E+06  2.037300E+00
  7.757000E+06  2.039100E+00
  7.870000E+06  2.059700E+00
  8.000000E+06  2.005700E+00
  8.102000E+06  1.962200E+00
  8.102500E+06  1.960400E+00
  8.214400E+06  1.911100E+00
  8.320000E+06  2.045200E+00
  8.500000E+06  1.927800E+00
  8.666600E+06  1.815900E+00
  9.000000E+06  1.850100E+00
  9.500000E+06  1.779200E+00
  1.000000E+07  1.696900E+00
  1.036400E+07  1.645900E+00
  1.050000E+07  1.626900E+00
  1.072000E+07  1.594800E+00
  1.100000E+07  1.553900E+00
  1.140200E+07  1.499600E+00
  1.150000E+07  1.484100E+00
  1.160000E+07  1.465500E+00
  1.170000E+07  1.446900E+00
  1.180000E+07  1.428000E+00
  1.190000E+07  1.409400E+00
  1.200000E+07  1.390600E+00
  1.214300E+07  1.370700E+00
  1.220000E+07  1.362800E+00
  1.240000E+07  1.332700E+00
  1.250000E+07  1.318000E+00
  1.260000E+07  1.311200E+00
  1.280000E+07  1.299600E+00
  1.300000E+07  1.287800E+00
  1.340000E+07  1.255500E+00
  1.350000E+07  1.247900E+00
  1.380000E+07  1.223700E+00
  1.400000E+07  1.208900E+00
  1.420000E+07  1.189700E+00
  1.450000E+07  1.161800E+00
  1.460000E+07  1.155200E+00
  1.500000E+07  1.129600E+00
  1.550000E+07  1.100200E+00
  1.600000E+07  1.071700E+00
  1.650000E+07  1.043400E+00
  1.700000E+07  1.017300E+00
  1.750000E+07  1.013600E+00
  1.800000E+07  1.009500E+00
  1.850000E+07  1.006900E+00
  1.900000E+07  1.004600E+00
  1.950000E+07  1.001500E+00
  2.000000E+07  9.981000E-01
  2.000669E+07  9.425440E-01
  2.016560E+07  9.468800E-01
  2.054309E+07  9.569970E-01
  2.086580E+07  9.656110E-01
  2.100000E+07  9.692240E-01
  2.106116E+07  9.708810E-01
  2.124309E+07  9.758620E-01
  2.200000E+07  9.978520E-01
  2.300000E+07  1.025215E+00
  2.400000E+07  1.052815E+00
  2.438810E+07  1.066086E+00
  2.495239E+07  1.088777E+00
  2.500000E+07  1.090810E+00
  2.600000E+07  1.134578E+00
  2.665984E+07  1.160729E+00
  2.688543E+07  1.168844E+00
  2.700000E+07  1.172845E+00
  2.800000E+07  1.205619E+00
  2.891234E+07  1.233931E+00
  2.900000E+07  1.236609E+00
  2.910871E+07  1.239928E+00
  2.943550E+07  1.249906E+00
  2.969144E+07  1.257750E+00
  3.000000E+07  1.267280E+00
  3.014874E+07  1.271912E+00
  3.056369E+07  1.284943E+00
  3.100000E+07  1.298772E+00
  3.112462E+07  1.302736E+00
  3.185028E+07  1.325863E+00
  3.200000E+07  1.330627E+00
  3.300000E+07  1.362170E+00
  3.351578E+07  1.378121E+00
  3.400000E+07  1.392810E+00
  3.448556E+07  1.407206E+00
  3.500000E+07  1.422035E+00
  3.529143E+07  1.430198E+00
  3.590011E+07  1.446593E+00
  3.600000E+07  1.449201E+00
  3.676432E+07  1.468403E+00
  3.700000E+07  1.474063E+00
  3.700539E+07  1.474191E+00
  3.800000E+07  1.496767E+00
  3.814661E+07  1.499923E+00
  3.821817E+07  1.501448E+00
  3.900000E+07  1.517464E+00
  4.000000E+07  1.536310E+00
  4.004320E+07  1.537085E+00
  4.045265E+07  1.544208E+00
  4.100000E+07  1.553107E+00
  4.200000E+07  1.567394E+00
  4.232492E+07  1.571462E+00
  4.267023E+07  1.575465E+00
  4.300000E+07  1.578976E+00
  4.400000E+07  1.587701E+00
  4.424116E+07  1.589365E+00
  4.500000E+07  1.593459E+00
  4.536171E+07  1.594887E+00
  4.594759E+07  1.596776E+00
  4.600000E+07  1.596921E+00
  4.629423E+07  1.597665E+00
  4.663802E+07  1.598395E+00
  4.700000E+07  1.599010E+00
  4.800000E+07  1.599992E+00
  4.812231E+07  1.600047E+00
  4.900000E+07  1.600106E+00
  4.935627E+07  1.599978E+00
  5.000000E+07  1.599564E+00
  5.100000E+07  1.598514E+00
  5.157242E+07  1.597656E+00
  5.157487E+07  1.597652E+00
  5.200000E+07  1.596873E+00
  5.266386E+07  1.595392E+00
  5.300000E+07  1.594509E+00
  5.305712E+07  1.594351E+00
  5.344275E+07  1.593202E+00
  5.400000E+07  1.591308E+00
  5.500000E+07  1.587170E+00
  5.600000E+07  1.581865E+00
  5.700000E+07  1.575212E+00
  5.798216E+07  1.567362E+00
  5.800000E+07  1.567208E+00
  5.817284E+07  1.565687E+00
  5.839966E+07  1.563631E+00
  5.900000E+07  1.557853E+00
  6.000000E+07  1.547160E+00
  6.100000E+07  1.535633E+00
  6.127621E+07  1.532399E+00
  6.144683E+07  1.530393E+00
  6.200000E+07  1.523853E+00
  6.300000E+07  1.511941E+00
  6.400000E+07  1.500002E+00
  6.471512E+07  1.491501E+00
  6.500000E+07  1.488130E+00
  6.600000E+07  1.476603E+00
  6.629196E+07  1.473303E+00
  6.633991E+07  1.472762E+00
  6.649566E+07  1.471006E+00
  6.700000E+07  1.465308E+00
  6.800000E+07  1.453780E+00
  6.900000E+07  1.441613E+00
  7.000000E+07  1.428443E+00
  7.100000E+07  1.414126E+00
  7.200000E+07  1.399008E+00
  7.300000E+07  1.383457E+00
  7.380300E+07  1.370883E+00
  7.400000E+07  1.367806E+00
  7.500000E+07  1.352350E+00
  7.600000E+07  1.337065E+00
  7.700000E+07  1.321896E+00
  7.800000E+07  1.307052E+00
  7.900000E+07  1.292715E+00
  8.000000E+07  1.279052E+00
  8.100000E+07  1.266068E+00
  8.200000E+07  1.253570E+00
  8.300000E+07  1.241423E+00
  8.400000E+07  1.229508E+00
  8.500000E+07  1.217711E+00
  8.600000E+07  1.206009E+00
  8.700000E+07  1.194395E+00
  8.800000E+07  1.182806E+00
  8.900000E+07  1.171179E+00
  9.000000E+07  1.159459E+00
  9.100000E+07  1.146647E+00
  9.200000E+07  1.132441E+00
  9.300000E+07  1.117779E+00
  9.400000E+07  1.103511E+00
  9.500000E+07  1.090406E+00
  9.600000E+07  1.079034E+00
  9.700000E+07  1.068841E+00
  9.800000E+07  1.058920E+00
  9.900000E+07  1.048441E+00
  1.000000E+08  1.036643E+00
  1.020000E+08  1.011154E+00
  1.040000E+08  9.856443E-01
  1.060000E+08  9.603629E-01
  1.080000E+08  9.355187E-01
  1.100000E+08  9.112855E-01
  1.120000E+08  8.878457E-01
  1.140000E+08  8.651945E-01
  1.160000E+08  8.432149E-01
  1.180000E+08  8.218050E-01
  1.200000E+08  8.008773E-01
  1.220000E+08  7.802726E-01
  1.240000E+08  7.600092E-01
  1.260000E+08  7.402525E-01
  1.280000E+08  7.211386E-01
  1.300000E+08  7.027847E-01
  1.320000E+08  6.853338E-01
  1.340000E+08  6.688188E-01
  1.360000E+08  6.531765E-01
  1.380000E+08  6.383505E-01
  1.400000E+08  6.242866E-01
  1.420000E+08  6.125033E-01
  1.440000E+08  6.039351E-01
  1.460000E+08  5.977444E-01
  1.480000E+08  5.931886E-01
  1.500000E+08  5.896000E-01