CATS_D1_Y1_Q 0 0 0 
CATS_D1_Y1 0 15 
CATS_D1_Y2_Q -2.15292e-12 1 -2.88111e-19
CATS_D1_Y2 185.549 32.3599
CATS_D1_Y3_Q 0.220119 1.00012 -1.35141e-07
CATS_D1_Y3 181.339 31.2262
CATS_D1_Y4_Q -0.234076 1.04858 -1.10134e-06
CATS_D1_Y4 163.738 36.9031
CATS_D1_Y5_Q 0.17428 0.975199 -9.36337e-07
CATS_D1_Y5 149.17 36.5706
CATS_D1_Y6_Q 4.58309 1.10431 -1.41429e-06
CATS_D1_Y6 189.752 37.0499
CATS_D1_Y7_Q -0.467327 1.05379 -7.37011e-07
CATS_D1_Y7 175.859 35.0937
CATS_D1_Y8_Q -0.237191 1.02158 -1.05176e-06
CATS_D1_Y8 184.72 36.4353
CATS_D1_Y9_Q 1.42238 0.995939 -3.8286e-08
CATS_D1_Y9 230.057 29.9647
CATS_D1_Y10_Q 0.285719 0.995099 -4.23777e-07
CATS_D1_Y10 191.982 30.0317
CATS_D1_Y11_Q 0.00291661 1.00417 -6.10542e-08
CATS_D1_Y11 171.065 30.1896
CATS_D1_Y12_Q -0.582372 0.977394 -1.45434e-07
CATS_D1_Y12 183.289 30.5618
CATS_D1_Y13_Q 0.247592 1.07608 -8.57704e-07
CATS_D1_Y13 162.99 34.6216
CATS_D1_Y14_Q 0.307522 1.04034 -1.42625e-06
CATS_D1_Y14 161.564 34.3854
CATS_D1_Y15_Q 0.335534 1.08902 -6.40422e-07
CATS_D1_Y15 199.414 33.8041
CATS_D1_Y16_Q 0.864124 1.08354 -3.01943e-07
CATS_D1_Y16 166.415 33.047
CATS_D1_Y17_Q -0.0849182 1.03908 -1.91367e-07
CATS_D1_Y17 99.3829 36.7061
CATS_D1_Y18_Q 2.79084 0.982103 -2.35742e-06
CATS_D1_Y18 253.449 34.8104
CATS_D1_Y19_Q 0.00792786 0.964216 -4.92523e-07
CATS_D1_Y19 178.889 33.3956
CATS_D1_Y20_Q -1.40214 0.982163 -6.17279e-07
CATS_D1_Y20 236.962 34.0211
CATS_D1_Y21_Q -0.0912805 0.936496 -1.18828e-06
CATS_D1_Y21 260.479 37.9213
CATS_D1_Y22_Q 0.212784 0.980268 1.94229e-09
CATS_D1_Y22 197.717 33.3586
CATS_D1_Y23_Q -0.659111 1.03642 -3.97794e-07
CATS_D1_Y23 240.059 34.2005
CATS_D1_Y24_Q 26.0673 1.02655 -7.69058e-06
CATS_D1_Y24 310.806 37.4694
CATS_D1_Y25_Q 4.88338 0.892146 -2.25049e-06
CATS_D1_Y25 247.016 37.8878
CATS_D1_Y26_Q 12.6492 0.934857 -2.22973e-06
CATS_D1_Y26 267.669 35.5209
CATS_D1_Y27_Q 2.80539 0.929785 -1.80003e-06
CATS_D1_Y27 256.422 34.2558
CATS_D1_Y28_Q 2.04483 0.538695 3.00407e-07
CATS_D1_Y28 291.612 38.0741
